Project	Respondent_ID  ID	GRPRT_img1050_PRT  {#IMG_1050} :	GRPRT_img1120_PRT  {#IMG_1120} :	GRPRT_img1300_PRT  {#IMG_1300} :	GRPRT_img1301_PRT  {#IMG_1301} :	GRPRT_img1321_PRT  {#IMG_1321} :	GRPRT_img1440_PRT  {#IMG_1440} :	GRPRT_img1441_PRT  {#IMG_1441} :	GRPRT_img1460_PRT  {#IMG_1460} :	GRPRT_img1463_PRT  {#IMG_1463} :	GRPRT_img1500_PRT  {#IMG_1500} :	GRPRT_img1525_PRT  {#IMG_1525} :	GRPRT_img1610_PRT  {#IMG_1610} :	GRPRT_img1710_PRT  {#IMG_1710} :	GRPRT_img1811_PRT  {#IMG_1811} :	GRPRT_img1930_PRT  {#IMG_1930} :	GRPRT_img1932_PRT  {#IMG_1932} :	GRPRT_img4006_PRT  {#IMG_4006} :	GRPRT_img4150_PRT  {#IMG_4150} :	GRPRT_img4220_PRT  {#IMG_4220} :	GRPRT_img4225_PRT  {#IMG_4225} :	GRPRT_img4531_PRT  {#IMG_4531} :	GRPRT_img4534_PRT  {#IMG_4534} :	GRPRT_img4537_PRT  {#IMG_4537} :	GRPRT_img4538_PRT  {#IMG_4538} :	GRPRT_img5600_PRT  {#IMG_5600} :	GRPRT_img5631_PRT  {#IMG_5631} :	GRPRT_img5660_PRT  {#IMG_5660} :	GRPRT_img5700_PRT  {#IMG_5700} :	GRPRT_img5814_PRT  {#IMG_5814} :	GRPRT_img5831_PRT  {#IMG_5831} :	GRPRT_img5833_PRT  {#IMG_5833} :	GRPRT_img5836_PRT  {#IMG_5836} :	GRPRT_img5971_PRT  {#IMG_5971} :	GRPRT_img5972_PRT  {#IMG_5972} :	GRPRT_img8031_PRT  {#IMG_8031} :	GRPRT_img8080_PRT  {#IMG_8080} :	GRPRT_img8179_PRT  {#IMG_8179} :	GRPRT_img8180_PRT  {#IMG_8180} :	GRPRT_img8186_PRT  {#IMG_8186} :	GRPRT_img8200_PRT  {#IMG_8200} :	GRPRT_img8370_PRT  {#IMG_8370} :	GRPRT_img8475_PRT  {#IMG_8475} :	GRPRT_img9050_PRT  {#IMG_9050} :	GRPRT_img9230_PRT  {#IMG_9230} :	GRPRT_img9600_PRT  {#IMG_9600} :	GRPRT_img9622_PRT  {#IMG_9622} :	GRPRT_img9902_PRT  {#IMG_9902} :	GRPRT_img9910_PRT  {#IMG_9910} :
N501	25EF6DDD-5E5E-E611-8111-125BDAFF1DF1	-3	-3	-3	-3	-3	3	3	3	3	3	-3	3	3	2	-3	-3	0	0	0	0	0	0	0	0	3	3	3	3	2	3	3	3	-2	-2	3	2	0	2	0	1	2	3	-3	-3	-3	-3	-3	-3
N501	46E060E9-5E5E-E611-8111-125BDAFF1DF1	-2	-2	-2	-2	-2	1	2	2	1	1	-3	1	1	1	-2	-2	0	0	0	0	1	1	-1	1	2	2	1	-2	-1	1	1	1	-1	-2	1	1	-2	2	-2	1	1	1	-2	-2	-2	-3	-3	-2
N501	E4635AFB-5E5E-E611-8111-125BDAFF1DF1	-3	-3	-3	-1	-2	3	3	3	3	3	-3	3	3	1	-3	-3	-3	-2	-2	-3	3	0	-3	3	3	3	3	3	3	3	3	3	-3	-3	2	3	0	0	0	3	3	-3	-2	0	-2	-3	-3	-3
N501	95305237-5F5E-E611-8111-125BDAFF1DF1	2	0	-1	-1	1	0	0	0	0	0	-1	0	0	-1	0	1	2	2	3	2	-2	-1	-1	-1	1	1	1	0	1	1	0	0	0	0	1	1	1	0	0	0	0	-2	0	1	0	1	0	0
N501	FCE0DFF6-5F5E-E611-8111-125BDAFF1DF1	-3	-3	-3	-3	-2	3	3	3	3	3	-3	3	3	1	-3	-3	0	0	-2	0	1	1	1	-1	1	2	1	2	2	-1	2	0	-3	-3	1	1	1	1	1	1	1	-1	-3	-2	-3	-3	-3	-3
N501	F863D002-605E-E611-8111-125BDAFF1DF1	1	0	-3	-3	1	3	2	3	1	3	-3	0	3	-2	-2	-2	0	-2	-1	2	0	1	-1	-1	2	1	1	3	-1	3	2	-1	-2	-1	0	0	-1	-1	0	-1	-2	-3	-3	-1	-3	-3	-2	-3
N501	7B55D908-605E-E611-8111-125BDAFF1DF1	0	0	0	2	2	3	3	3	3	3	0	3	3	3	0	0	-1	-2	-2	-2	2	1	1	1	3	3	3	3	3	3	3	3	1	2	2	1	2	2	3	1	2	1	0	1	1	-1	0	-1
N501	FE55D908-605E-E611-8111-125BDAFF1DF1	-1	-2	-2	0	0	0	1	2	1	2	-2	1	3	1	1	1	1	2	3	3	-3	-2	-2	-3	3	2	3	1	1	3	2	1	2	-2	-2	0	0	-1	1	2	2	-1	-2	-2	-2	-2	-2	-1
N501	2956D908-605E-E611-8111-125BDAFF1DF1	1	0	-1	0	1	2	3	2	1	1	-1	1	1	1	1	1	-1	0	0	0	-2	-1	-1	-1	2	2	2	1	3	3	2	3	1	1	0	1	1	2	1	0	1	-1	0	0	0	0	0	0
N501	6697D10E-605E-E611-8111-125BDAFF1DF1	-3	-2	-2	-2	-1	2	1	1	1	1	-2	2	2	2	-1	0	-1	-2	-1	-1	0	0	-1	0	2	2	2	3	2	1	3	1	1	0	1	1	1	1	1	1	1	1	-3	1	0	-1	-1	-1
N501	1798D10E-605E-E611-8111-125BDAFF1DF1	0	0	-2	-2	0	0	0	1	1	0	-2	1	3	1	-3	-2	-2	-1	0	-1	0	0	0	0	0	0	0	0	0	0	2	2	-3	-3	0	0	0	1	0	0	0	0	-3	-3	-3	-3	-3	-3
N501	D0ACCB1A-605E-E611-8111-125BDAFF1DF1	-3	-1	-3	-2	-1	3	3	1	0	1	-3	0	1	0	-1	1	-3	-2	-3	-3	-1	0	-1	-2	3	3	3	3	2	3	2	3	0	2	1	-1	1	1	-2	-2	-1	-2	-3	2	-2	-3	-3	-2
N501	18ADCB1A-605E-E611-8111-125BDAFF1DF1	0	-1	-1	0	1	3	3	2	1	3	-2	3	3	0	0	0	-2	-1	-2	-1	-1	-1	-1	-1	2	2	1	3	3	2	2	-1	0	1	1	1	-2	1	1	2	1	0	0	0	0	-1	-1	-1
N501	EC5CC620-605E-E611-8111-125BDAFF1DF1	-3	-3	-3	-3	-3	3	3	3	3	0	-3	3	0	-3	-3	-3	-3	-3	-3	-3	0	0	-3	0	3	3	3	3	0	0	0	-3	-3	0	3	-3	0	-3	0	3	0	0	-3	-3	-3	-3	-3	-3
N501	135DC620-605E-E611-8111-125BDAFF1DF1	-2	-1	-3	-3	1	3	3	2	2	0	-3	1	3	-1	-1	-2	2	2	3	3	-1	0	-1	-1	3	3	3	3	2	2	3	2	2	-1	3	2	2	1	2	2	2	-1	1	-1	-1	-1	-1	-2
N501	2D6EC326-605E-E611-8111-125BDAFF1DF1	2	2	2	3	3	3	3	3	3	3	2	3	3	3	3	3	1	2	3	2	1	3	2	3	3	3	3	3	3	3	3	3	3	2	3	3	3	2	2	3	3	2	3	2	3	2	2	2
N501	9081B338-605E-E611-8111-125BDAFF1DF1	2	1	-2	0	0	-2	0	-1	0	1	-1	0	0	-1	-1	1	2	1	2	3	-1	-1	-1	-1	-2	0	-2	0	1	1	2	-2	0	0	1	1	1	1	1	0	-1	-2	-2	-2	-3	-1	-3	-3
N501	9DCDB444-605E-E611-8111-125BDAFF1DF1	-1	-1	-2	-2	-1	2	2	2	2	1	-2	0	2	1	-1	-2	2	1	2	2	-1	-1	-1	-1	1	1	1	2	0	1	1	2	-1	1	1	0	0	1	1	0	1	1	-2	-1	-1	1	-3	-2
N501	95CDB444-605E-E611-8111-125BDAFF1DF1	0	0	-1	-1	0	3	1	3	3	0	-3	2	1	3	0	0	3	3	3	3	-2	-1	-1	-2	0	0	1	1	3	3	3	3	0	-2	0	0	0	0	0	0	0	0	-3	-3	-3	-3	-3	-3
N501	AEEFD656-605E-E611-8111-125BDAFF1DF1	2	2	1	1	1	0	0	0	0	0	0	0	1	2	2	3	2	2	3	2	-3	-3	-3	-3	2	2	1	2	2	1	2	1	2	2	1	1	3	2	1	0	1	1	1	2	1	2	1	1
N501	D79EC468-605E-E611-8111-125BDAFF1DF1	-1	-2	-1	-1	-2	3	3	3	3	3	-2	3	2	-1	-1	-2	3	3	3	3	0	-2	-2	-2	1	1	1	2	-1	2	2	-1	-1	-2	0	0	-2	-1	0	0	1	0	-3	-3	-1	-3	-3	-3
N501	5E13C46E-605E-E611-8111-125BDAFF1DF1	-3	-3	-3	-3	0	3	3	3	3	3	-3	3	3	0	-3	-3	3	3	3	3	-3	-3	-3	-3	2	3	3	3	3	3	3	3	-3	-3	1	1	-2	-1	-1	1	1	-3	-3	-3	-3	-3	-3	-3
N501	2BBE734C-615E-E611-8111-125BDAFF1DF1	-1	-2	-3	-3	-1	2	0	2	2	1	-3	2	2	-1	-2	-3	2	3	2	2	-2	-2	-2	-1	1	0	2	1	2	1	2	0	-2	-3	2	2	1	1	2	2	-1	-2	-3	-1	-3	-2	-2	-3
N501	E8170FDE-625E-E611-8111-125BDAFF1DF1	1	-1	-2	0	0	2	3	3	2	2	1	1	2	2	-1	-1	2	1	1	1	-1	0	0	0	1	2	2	2	2	2	2	2	-2	-2	2	1	2	2	2	3	1	0	-1	-3	-1	-1	-1	-3
N501	65EB03F0-625E-E611-8111-125BDAFF1DF1	-3	-3	-3	-3	-2	3	3	3	3	3	-3	3	3	1	-3	-3	-1	-1	-2	-2	3	2	2	3	3	3	2	1	2	3	2	1	-3	-3	2	0	-2	-2	-2	1	2	-3	-3	1	-3	-3	-3	-3
N501	D54BD767-635E-E611-8111-125BDAFF1DF1	0	1	3	3	3	3	3	3	3	3	3	3	3	3	3	3	-1	3	3	2	3	3	0	3	3	3	3	3	3	3	2	3	3	3	3	3	3	3	3	3	3	1	3	3	3	-2	3	-1
N501	E04FC185-635E-E611-8111-125BDAFF1DF1	0	-1	0	0	0	0	3	3	3	3	-1	1	3	3	0	0	3	1	3	3	3	0	1	0	2	3	3	3	3	3	3	2	0	2	0	3	3	3	3	3	-1	-3	0	-3	-1	-1	-3	-3
N501	F3256EFD-635E-E611-8111-125BDAFF1DF1	0	1	-3	-2	-1	3	3	3	3	3	-3	3	3	1	1	0	-2	-2	0	0	3	1	0	0	3	3	3	3	3	3	3	3	1	-1	1	2	1	3	2	2	3	1	-3	-3	-2	-2	-3	-3
N501	AA696603-645E-E611-8111-125BDAFF1DF1	-3	-3	-2	-3	-2	3	3	3	3	2	-3	3	3	0	-3	-3	-1	-1	0	-1	1	0	-2	1	0	0	0	-1	0	3	3	1	0	-2	1	0	0	1	0	1	1	-1	-3	-2	-2	-2	-3	-3
N501	69DC620F-645E-E611-8111-125BDAFF1DF1	-3	-3	-3	-1	-3	3	2	3	3	3	-3	3	3	0	-3	-3	-3	-3	-3	-3	3	3	2	2	2	3	1	0	3	2	0	1	-3	-3	0	0	-2	0	0	2	0	0	-3	-3	-3	-3	-3	-3
N501	F2F35F2D-645E-E611-8111-125BDAFF1DF1	-3	-2	2	-2	0	3	3	3	3	2	-2	2	3	1	-3	-3	-2	-2	0	0	0	0	0	0	2	3	3	2	0	1	3	1	0	-3	3	2	0	2	1	1	2	-3	-2	-3	-3	-3	-3	-3
N501	46F45F2D-645E-E611-8111-125BDAFF1DF1	-1	1	0	2	2	3	3	3	3	3	0	3	3	3	-1	-3	-3	-3	-3	-3	0	-2	-1	-1	3	3	3	3	3	3	3	3	0	0	-1	-1	-1	-2	-3	-1	2	0	0	2	-2	-3	-2	-2
N501	58405539-645E-E611-8111-125BDAFF1DF1	1	2	2	3	3	1	2	2	0	2	2	2	2	2	2	2	3	2	2	3	0	0	0	-1	1	2	2	2	2	3	3	2	2	2	3	2	2	1	2	1	2	1	2	1	-1	2	-1	-1
N501	0AED5251-645E-E611-8111-125BDAFF1DF1	3	3	3	2	3	3	3	3	3	0	0	3	3	3	3	3	3	3	3	3	0	0	0	0	3	3	3	3	3	3	3	3	-3	-3	3	0	3	3	3	3	3	3	-3	3	-3	-3	-3	-3
N501	24ED5251-645E-E611-8111-125BDAFF1DF1	-3	-3	-3	-3	-3	1	3	3	3	3	-3	3	3	-3	-3	-3	3	3	3	3	-3	1	-3	-3	3	3	3	3	2	3	1	3	0	-3	0	-3	2	-3	0	1	1	-3	-3	0	-3	-3	-3	-3
N501	1FED5251-645E-E611-8111-125BDAFF1DF1	-2	-3	-3	-3	3	3	3	3	3	3	-3	3	3	3	3	-2	0	-2	-3	-2	0	1	0	-1	3	3	3	3	1	3	0	3	3	-3	2	0	0	3	3	1	1	0	-3	-2	-3	-3	-3	-3
N501	0F8C2A99-645E-E611-8111-125BDAFF1DF1	-3	-3	-2	-2	-3	2	2	2	1	1	-2	1	3	0	-1	-3	3	3	3	3	1	1	0	0	2	2	1	2	0	1	2	2	-2	-2	1	1	2	1	1	1	2	2	-3	0	-3	-3	-3	-3
N501	900621B1-645E-E611-8111-125BDAFF1DF1	-3	-3	-2	-2	-1	1	2	1	1	3	-1	2	2	2	-2	-1	1	2	3	3	0	0	0	0	2	1	1	1	1	2	1	1	-2	-2	2	2	2	3	2	1	2	0	-2	-2	-3	-2	-2	-2
N501	7FCB09C3-645E-E611-8111-125BDAFF1DF1	0	-1	-2	-2	-2	1	2	2	3	2	-1	2	2	1	0	-1	1	0	0	2	0	0	-2	0	3	3	1	2	1	2	2	2	0	0	1	0	0	-1	0	0	1	0	0	-2	-2	-2	-1	-2
N501	B82EF2F2-645E-E611-8111-125BDAFF1DF1	-3	-3	-3	-3	-1	3	2	1	-1	1	-3	3	3	0	-3	-3	-3	0	-3	-3	-1	0	-2	0	3	3	2	2	3	3	3	2	-1	-2	1	0	0	2	0	1	0	-3	-3	-3	-2	0	-3	-3
N501	FA87C928-655E-E611-8111-125BDAFF1DF1	-3	-3	-3	-3	0	2	2	0	-3	2	-3	-2	3	-3	-3	-3	-3	-2	-2	-2	3	3	3	3	2	2	2	2	1	2	2	1	-3	-3	2	0	2	0	2	2	-1	2	-3	-3	-3	-3	-3	-3
N501	2AE9C45F-665E-E611-8111-125BDAFF1DF1	-3	-3	-3	-3	-3	2	3	3	3	3	-3	3	3	3	-3	-3	3	3	3	3	-3	-3	-2	-3	3	3	3	3	3	3	3	3	-3	-3	3	3	3	3	3	3	2	-3	-3	-3	-3	-3	-3	-3
N501	2B969D26-685E-E611-8111-125BDAFF1DF1	-3	-3	-3	3	3	3	3	2	3	3	0	2	3	2	1	-2	-3	0	0	0	-3	-3	-3	-3	3	3	3	1	2	0	3	3	-2	-3	2	1	3	2	3	0	3	0	-3	-2	-3	-3	-3	-3
N501	DA6C9938-685E-E611-8111-125BDAFF1DF1	-3	-3	-3	-3	-3	3	3	2	0	3	-3	3	3	1	-3	-2	1	2	2	2	1	1	-1	2	3	3	3	1	3	-1	3	0	-3	-2	2	2	-1	1	1	1	3	2	-3	-3	-3	-2	-3	-3
N501	1DF6864A-685E-E611-8111-125BDAFF1DF1	-2	-2	-3	-3	-2	3	3	3	2	1	-3	2	1	1	-2	-3	0	0	1	1	-1	0	-1	1	3	3	3	2	2	3	2	3	-3	-3	2	1	-1	0	0	1	1	-2	-3	-3	-3	-3	-3	-3
N501	8BEE8C56-685E-E611-8111-125BDAFF1DF1	-3	-3	0	3	0	3	3	3	3	3	0	3	3	2	-3	-3	3	3	3	3	-3	-3	-3	-3	0	1	0	0	2	0	1	0	-3	-3	0	1	0	1	1	0	0	-1	-3	0	-3	1	-1	-3
N501	43B55CA4-685E-E611-8111-125BDAFF1DF1	-3	-3	-3	-3	-3	3	3	3	3	3	-3	3	3	3	-3	-3	3	3	3	3	-3	-3	-3	-3	3	3	3	3	-3	3	3	3	-3	-3	3	-3	0	-3	-3	3	-3	-3	-3	-3	-3	-3	-3	-3
N501	2736E333-695E-E611-8111-125BDAFF1DF1	2	1	-2	1	2	3	3	3	3	3	1	3	3	1	-1	1	-3	-3	-3	-2	-2	-2	-2	-1	2	2	1	0	2	3	2	2	0	1	0	1	-1	1	-1	-1	0	0	-3	1	-2	-2	-2	-3
N501	2931E62D-695E-E611-8111-125BDAFF1DF1	-1	1	-1	-2	0	1	1	-2	2	1	-2	2	1	-1	-2	-2	0	0	0	0	0	0	0	0	0	1	2	-1	-2	2	1	2	-3	-3	1	0	0	-1	0	1	0	-1	-2	-2	-2	-2	-2	-2
N501	DB62081D-6E5E-E611-8111-125BDAFF1DF1	-3	1	-2	-3	3	3	2	-1	-3	1	-3	2	0	2	-1	-1	1	-2	-3	-1	1	1	-1	2	2	2	3	2	3	3	-1	2	2	1	1	1	2	2	2	0	2	2	1	3	1	1	1	2
N501	92E4FB3A-6E5E-E611-8111-125BDAFF1DF1	-1	-1	-1	-1	0	3	3	3	3	2	-1	3	3	0	0	0	0	0	0	0	1	2	1	2	2	2	2	2	2	2	1	1	-1	-1	1	0	1	1	1	1	1	0	-2	-2	-2	-1	-2	-2
N501	E5967DEE-6E5E-E611-8111-125BDAFF1DF1	1	-2	-3	0	1	2	3	1	0	2	-1	1	2	1	-1	2	-2	-1	0	-1	1	0	2	1	1	2	0	0	2	0	-1	3	2	3	0	1	3	2	2	0	0	2	0	0	-1	1	-3	-3
N501	11786A45-B060-E611-8111-125BDAFF1DF1	-1	-1	-1	-1	-1	-1	1	-1	1	0	-1	2	3	-1	-1	-1	3	1	2	2	2	2	2	2	2	3	2	1	3	1	-1	2	0	-1	-1	-1	0	1	1	1	2	-1	0	1	-1	-1	-1	-1
N501	C2ECF7F2-B060-E611-8111-125BDAFF1DF1	-3	-3	-3	-3	0	1	3	2	1	0	-3	3	3	-2	-3	-2	-3	-3	-3	-3	-2	0	-2	-3	0	1	0	1	-2	1	0	0	-2	-3	-2	-1	-3	-3	-1	-3	-1	-3	-3	-1	-3	-3	-3	-3
N501	1FD0DE46-B160-E611-8111-125BDAFF1DF1	0	-2	-2	-3	0	2	0	1	1	3	0	3	3	0	-3	-3	-3	-3	-1	-3	-3	-3	0	-3	0	3	0	0	0	0	3	1	-3	0	-3	-3	0	-3	-3	-1	-1	0	1	0	-3	0	0	0
N501	99D6D852-B160-E611-8111-125BDAFF1DF1	2	-3	0	-1	-3	2	3	3	3	3	-1	3	3	2	-3	2	0	0	2	0	-3	0	3	1	3	3	3	3	0	3	2	3	2	2	2	0	3	3	3	1	0	0	1	0	-3	3	-3	-3
N501	27D7D852-B160-E611-8111-125BDAFF1DF1	-3	-2	-3	-3	-3	3	3	3	3	3	-3	3	3	2	-3	-3	-3	-3	-1	-3	2	3	3	3	2	3	3	2	3	3	1	3	-3	-3	2	1	0	1	1	2	1	0	-3	-3	-3	-3	-3	-3
N501	6E01BB76-B160-E611-8111-125BDAFF1DF1	-3	-3	-3	-3	-3	3	3	3	3	3	-3	3	3	-3	-3	-3	-3	0	0	0	3	0	3	3	3	3	3	3	3	3	3	3	3	3	-3	-3	-3	3	0	3	1	-3	0	3	0	0	-3	0
N501	9AFDBD70-B160-E611-8111-125BDAFF1DF1	-3	-3	-3	-3	-3	3	3	3	3	3	-3	3	3	-3	-2	-3	0	0	0	0	0	2	2	2	3	3	1	2	3	3	2	3	-2	0	0	0	0	-1	0	2	2	-3	-2	-3	-3	-3	-1	-3
N501	3F08B582-B160-E611-8111-125BDAFF1DF1	-3	-2	1	1	1	2	2	3	3	1	0	2	3	1	1	0	0	0	0	-2	0	0	0	-1	2	2	2	1	2	1	2	1	-2	-2	0	0	1	1	1	1	1	-1	-2	-2	-3	-2	-2	-2
N501	CC3FB37C-B160-E611-8111-125BDAFF1DF1	-3	-3	-3	-3	1	1	3	3	2	3	-3	2	3	1	-2	-3	1	1	1	2	0	0	-1	0	2	3	2	2	2	2	3	1	-3	-3	0	0	-2	0	-2	1	1	-3	-2	-3	-3	-3	-3	-3
N501	176EB488-B160-E611-8111-125BDAFF1DF1	-1	0	-3	-1	2	-3	2	3	3	3	-3	1	1	-2	-3	-3	-3	-2	-3	0	1	-3	-3	1	2	2	1	2	2	3	2	-1	-2	0	1	-2	2	0	2	0	0	-3	0	0	-3	0	1	-2
N501	E46EB488-B160-E611-8111-125BDAFF1DF1	-3	-3	-3	-3	-2	2	1	3	3	2	-3	3	3	0	-3	-3	0	-1	1	-1	0	-1	-2	1	2	2	2	2	2	2	1	2	0	1	0	0	-2	1	1	-1	1	0	0	0	-1	0	-1	-2
N501	7908B582-B160-E611-8111-125BDAFF1DF1	1	0	-1	0	0	3	3	3	3	3	-2	3	3	3	0	0	0	0	0	-1	0	0	0	0	3	3	3	2	3	3	3	3	-1	1	2	2	3	3	1	0	0	1	-1	0	-3	-1	-1	-1
N501	9D13AC94-B160-E611-8111-125BDAFF1DF1	3	3	3	3	-3	3	3	3	3	3	3	3	3	3	3	3	-3	-3	-3	-3	-3	-3	-3	-2	3	3	3	3	3	-3	1	-1	3	3	-1	-3	-3	-3	-3	-3	1	-3	-1	-1	1	1	0	0
N501	2DAEAC8E-B160-E611-8111-125BDAFF1DF1	0	-3	-3	-3	0	3	3	3	3	3	-3	3	3	0	0	0	0	-3	0	-3	1	0	1	0	2	3	3	3	3	3	3	2	0	0	3	0	0	0	2	3	3	0	-3	-3	-3	-3	-3	-3
N501	34ADAC8E-B160-E611-8111-125BDAFF1DF1	-3	-3	3	1	2	3	3	3	3	3	1	3	3	2	-1	-3	2	2	2	2	2	1	2	2	3	2	3	3	3	2	3	3	3	-2	2	3	2	3	2	3	2	2	-1	-3	-2	-3	-3	-3
N501	2B13AC94-B160-E611-8111-125BDAFF1DF1	-3	1	-3	-3	2	0	3	2	0	0	-3	1	3	-1	-2	-3	-1	-3	-1	-1	-2	0	-2	0	3	3	1	1	-2	3	2	0	3	-3	3	2	-1	-2	3	-3	-1	2	2	1	-1	-3	-2	-3
N501	C050A49A-B160-E611-8111-125BDAFF1DF1	-3	-3	-3	-3	-2	3	3	3	3	3	-3	2	3	1	-2	-3	-2	-1	1	-2	1	1	1	1	3	3	3	3	-3	2	3	3	-3	-3	3	2	1	0	2	2	1	1	-3	-3	-3	-3	-3	-3
N501	2C51A49A-B160-E611-8111-125BDAFF1DF1	0	0	0	-2	3	2	1	2	0	1	0	1	1	-2	1	2	3	3	3	2	3	3	3	3	3	2	3	3	3	3	3	1	3	3	3	3	3	3	3	1	0	3	3	3	3	3	1	2
N501	C813AC94-B160-E611-8111-125BDAFF1DF1	0	0	0	0	1	2	2	1	2	0	0	2	1	0	-2	-2	-1	-1	-1	-1	-1	0	-1	0	2	1	2	0	2	1	1	1	0	0	0	-1	-2	-2	-1	0	0	-2	-2	1	-1	-3	-3	-2
N501	8E919CA0-B160-E611-8111-125BDAFF1DF1	-3	-3	-1	-1	-1	1	2	2	2	1	-1	2	1	-1	-1	-1	0	0	0	1	1	0	0	0	1	2	1	1	1	1	1	1	0	0	1	0	0	1	0	1	0	1	-1	0	-1	-1	-1	-1
N501	7951A49A-B160-E611-8111-125BDAFF1DF1	-3	-3	-2	-1	-2	2	2	1	1	3	-3	1	3	-2	-3	-3	0	0	-1	0	2	2	1	1	2	2	2	1	1	1	3	2	0	-1	1	1	1	-1	2	1	1	-2	-2	-2	-2	-2	-3	-2
N501	BA919CA0-B160-E611-8111-125BDAFF1DF1	-1	-1	1	1	1	1	1	1	1	1	0	1	1	1	-1	-1	1	1	1	1	1	1	0	1	1	1	1	2	1	2	2	2	0	0	1	2	2	1	2	0	0	-1	1	0	0	1	0	0
N501	4F919CA0-B160-E611-8111-125BDAFF1DF1	-1	1	-3	-1	1	3	3	3	3	3	-2	2	3	1	1	1	1	2	2	1	3	2	2	2	3	3	3	3	3	2	3	3	-2	-1	3	0	-1	3	3	3	2	-2	-3	0	-3	-3	-3	-3
N501	C59896AC-B160-E611-8111-125BDAFF1DF1	-1	-1	0	-1	-1	1	2	1	0	1	-1	1	1	1	0	0	-1	-1	0	0	1	0	0	0	1	1	1	1	1	2	0	1	0	0	1	1	0	1	1	1	2	1	1	1	1	0	-1	-1
N501	DFD78EB2-B160-E611-8111-125BDAFF1DF1	0	1	-1	-1	1	3	3	1	1	3	-1	2	2	2	-1	-1	-2	-1	-1	-1	1	-1	2	1	3	3	3	3	3	2	3	2	3	1	0	0	-1	-1	3	0	1	0	1	1	0	0	-1	-1
N501	F6A18DBE-B160-E611-8111-125BDAFF1DF1	-2	-1	-3	-1	0	1	1	1	1	0	-1	0	1	1	-2	-1	2	2	3	2	-2	-2	-2	-2	2	2	2	1	2	3	1	2	2	-2	0	1	2	1	1	-2	1	-3	-3	0	-2	-2	-2	-3
N501	97798CCA-B160-E611-8111-125BDAFF1DF1	-3	-3	-3	-3	-3	3	3	3	3	3	-3	3	3	3	-2	-3	-3	-3	-3	-3	0	0	3	3	3	3	3	3	3	3	3	2	-3	-3	1	0	-3	0	-3	-2	0	-3	-3	-3	-3	-3	-3	-3
N501	5C7A8CCA-B160-E611-8111-125BDAFF1DF1	-2	-2	-1	-2	1	3	3	3	3	3	-2	3	3	-1	-2	-2	-3	-2	-3	-3	2	-2	1	3	-1	-2	2	-2	3	1	2	0	-1	-1	-2	0	1	-1	1	0	1	-2	-2	-1	-1	-2	-2	-2
N501	DC7D9DE2-B160-E611-8111-125BDAFF1DF1	1	1	-3	0	1	3	3	3	3	1	-3	1	3	2	1	0	-1	-1	-1	-1	1	1	1	1	3	3	3	3	2	2	2	0	0	-3	3	1	1	3	1	2	2	1	-1	0	-3	-3	-2	-3
N501	9DD595E8-B160-E611-8111-125BDAFF1DF1	-2	-1	-2	-2	-2	1	1	1	1	2	-2	1	2	-1	-2	-2	-1	1	2	1	-2	-3	-1	-2	1	1	1	0	1	0	1	2	-1	-2	1	-2	-2	-2	-1	-1	1	-3	-2	-2	-3	-3	-3	-3
N501	8B799CEE-B160-E611-8111-125BDAFF1DF1	3	3	3	3	3	3	3	3	3	3	3	3	3	3	3	3	3	3	3	3	0	0	0	0	3	3	3	3	3	3	3	3	3	3	3	3	3	3	3	3	3	0	-3	-3	3	-3	-3	-3
N501	D3D495E8-B160-E611-8111-125BDAFF1DF1	1	2	2	1	0	0	3	3	2	2	1	2	3	2	0	-1	3	2	3	3	-2	-2	-2	-2	3	2	3	3	2	2	2	2	2	2	2	-1	-1	0	2	-2	1	1	-2	-2	-2	-2	-2	0
N501	F57D9DE2-B160-E611-8111-125BDAFF1DF1	-2	-1	-2	-2	-1	1	1	1	1	-1	-2	1	1	-3	-1	-1	3	3	3	3	-2	-1	1	-1	1	0	-1	-1	2	0	0	1	-1	-1	1	2	2	1	1	-1	3	2	-2	-3	-2	-3	-2	-1
N501	5BAE7F0C-B260-E611-8111-125BDAFF1DF1	1	3	3	3	3	3	3	3	3	3	2	0	3	3	3	3	3	3	3	3	3	3	3	3	3	3	3	3	3	3	1	2	3	3	3	2	3	3	3	3	3	3	3	3	3	2	0	3
N501	D7657A12-B260-E611-8111-125BDAFF1DF1	-3	-3	-3	-3	-3	1	1	1	1	1	-3	1	2	-3	-3	-3	-2	2	0	-1	1	2	1	0	0	2	0	0	3	1	3	3	-3	-3	0	0	-1	3	0	2	1	0	-3	-3	-3	-3	-3	-3
N501	CF1C7518-B260-E611-8111-125BDAFF1DF1	0	0	-1	-1	0	0	0	0	-1	1	-2	0	-1	-1	0	1	3	2	3	3	-1	0	-2	-2	3	3	2	0	2	1	2	0	-3	-2	1	1	2	2	1	1	1	0	-3	0	-3	-3	-3	-3
N501	89667A12-B260-E611-8111-125BDAFF1DF1	-2	-2	-2	-2	-1	2	3	2	0	0	-2	0	2	1	-1	-1	0	0	0	1	0	1	0	0	2	2	0	1	0	2	-2	2	0	-2	0	0	0	1	0	-1	0	3	-1	0	0	-1	-2	-1
N501	E1CC6E2A-B260-E611-8111-125BDAFF1DF1	-3	-3	-3	-3	-3	3	3	2	3	0	-3	2	3	3	-3	-3	3	1	2	1	1	2	-3	3	3	3	3	3	0	3	3	3	-3	-3	3	-3	-3	-3	-3	3	-2	-3	-3	-3	-3	-3	-3	-3
N501	F5785F36-B260-E611-8111-125BDAFF1DF1	-2	-3	-3	-3	0	3	3	3	1	3	-3	3	3	2	-3	-3	0	-2	1	0	0	0	0	-3	3	3	3	2	3	3	3	3	-3	-3	2	0	0	1	0	1	2	-3	-3	-2	-3	-3	-2	-3
N501	F4855A54-B260-E611-8111-125BDAFF1DF1	-3	1	-3	3	1	3	3	3	3	2	-3	3	3	3	1	0	3	3	3	3	-3	-3	-3	-3	3	3	3	3	1	3	3	3	-3	-3	0	-3	-3	-3	3	1	0	-3	-3	-3	-3	-3	-3	-3
N501	71A57F60-B260-E611-8111-125BDAFF1DF1	3	3	2	3	3	3	3	3	3	3	0	3	3	3	3	3	0	0	0	0	-2	-2	-2	-2	3	3	3	3	-3	3	3	3	-3	-3	3	0	0	0	0	0	2	-3	-3	-3	-3	-3	-3	-3
N501	126B5996-B260-E611-8111-125BDAFF1DF1	1	2	-3	-2	3	3	3	3	3	3	-3	3	3	3	-3	-3	3	3	3	3	-3	-3	-3	-3	3	3	3	3	3	3	3	3	3	3	3	3	3	3	3	-3	3	3	-3	-1	1	3	-3	-3
N501	DAE15EA8-B260-E611-8111-125BDAFF1DF1	-3	-3	-3	-2	-1	2	2	3	-1	2	-3	1	2	3	-2	-1	2	3	3	3	-3	-3	-3	-3	3	3	3	3	3	-2	3	2	1	2	2	1	1	3	2	-2	2	2	-2	-2	0	2	-2	-2
N501	309058D2-B260-E611-8111-125BDAFF1DF1	-3	-3	-3	-3	-3	2	3	2	2	1	-3	1	2	0	-3	-3	1	3	2	2	-3	-3	-3	-3	1	1	2	1	1	2	1	2	-2	-3	0	-3	-3	-3	-3	-3	-3	-3	-3	-3	-3	-3	-3	-3
N501	909058D2-B260-E611-8111-125BDAFF1DF1	-3	-3	-3	3	-3	2	1	2	3	3	-2	3	3	0	-3	-3	3	3	3	3	3	2	-1	2	3	3	3	3	3	3	3	3	-3	-3	3	0	-3	0	-1	3	1	-3	-3	-3	-3	-3	-3	-3
N501	58012126-B360-E611-8111-125BDAFF1DF1	-1	-1	-1	-1	-1	0	1	0	1	1	-2	1	1	0	-1	-1	0	-1	2	1	0	0	-2	-1	2	2	2	2	0	2	2	1	-1	-1	1	1	0	0	1	1	2	0	-2	-1	-1	-1	0	-2
N501	4B510080-B360-E611-8111-125BDAFF1DF1	-3	-3	-3	-3	-2	0	2	0	0	0	-3	0	0	0	-3	-3	-2	0	1	3	-2	-2	-1	0	0	1	-1	0	0	2	2	0	-3	0	0	-1	0	0	0	-1	0	-1	1	-3	-3	-3	-3	-3
N501	21AE057A-B360-E611-8111-125BDAFF1DF1	-3	-3	-3	-3	-3	3	3	3	3	3	-3	3	2	0	-3	-3	2	1	3	2	0	0	0	0	3	3	3	3	1	3	1	1	1	1	1	1	-3	1	1	1	1	1	1	1	0	-1	-1	-1
N501	C59A843F-B460-E611-8111-125BDAFF1DF1	-3	-3	-3	2	-2	3	3	3	2	3	-3	3	3	1	-1	1	3	3	3	3	0	0	0	0	3	-1	2	1	3	2	0	1	-3	1	2	1	3	2	2	1	3	-1	-3	0	-2	-2	-3	-3
N501	3A0CC18E-B560-E611-8111-125BDAFF1DF1	-1	1	0	-3	3	1	2	1	3	3	-3	3	3	1	0	-3	3	3	3	3	2	0	-3	0	1	1	0	3	0	3	3	3	2	0	3	1	-1	2	1	2	2	-3	-3	-3	-3	-3	-3	-3
N501	8A61B0A6-B560-E611-8111-125BDAFF1DF1	0	0	-1	-1	1	1	1	1	0	-1	-1	0	1	0	-1	0	1	0	3	0	-2	-1	-1	-2	1	0	1	2	1	1	0	1	2	2	0	0	0	0	1	-1	2	-1	2	0	1	0	1	1
N501	6A8EE862-B860-E611-8111-125BDAFF1DF1	-3	-3	-3	-3	0	2	2	3	3	1	-3	0	1	0	-3	0	1	2	2	2	-3	-3	-3	-3	3	3	3	3	3	0	2	1	0	0	2	0	-3	0	0	0	3	-3	-1	-1	-1	-3	-3	-3
N501	628FE862-B860-E611-8111-125BDAFF1DF1	-3	-3	-3	-3	-3	1	1	1	1	1	-2	1	1	1	-3	-3	0	0	0	0	0	0	0	0	2	1	0	0	1	1	2	2	-3	-3	1	0	-1	1	0	0	1	0	-3	-3	-3	-3	-3	-3
N501	FF1ED37A-B860-E611-8111-125BDAFF1DF1	-1	-2	-1	-2	0	3	3	3	3	1	-1	1	2	-1	-2	-2	-2	-1	-2	-1	1	0	1	2	3	1	2	2	0	2	0	-1	-2	-1	-2	-1	-1	-2	0	2	0	-2	-2	-2	0	-2	-2	-1
N501	9A74DB6E-B860-E611-8111-125BDAFF1DF1	0	0	-1	-1	1	3	3	3	3	3	-1	3	3	-1	-1	-3	-3	-2	-3	-3	0	-1	-2	-1	3	3	3	3	1	3	-1	1	-3	-3	0	0	-3	-2	-3	0	1	-3	-3	-3	-3	-3	-3	-3
N501	2E87D280-B860-E611-8111-125BDAFF1DF1	-3	-3	-3	-3	-3	3	3	3	3	3	-3	2	3	2	-3	-3	-3	-3	-3	-3	1	0	-2	3	3	0	0	2	1	3	1	3	-3	-3	3	0	0	-2	0	0	0	-3	-3	-3	-3	-3	-3	-3
N501	C2C8CA86-B860-E611-8111-125BDAFF1DF1	-3	-3	-2	-2	-1	2	3	3	3	1	-2	3	3	-1	-3	-2	-2	-1	0	-2	-1	0	0	2	3	3	0	-2	3	2	2	2	-2	-2	2	0	1	1	2	1	1	2	-2	-2	-1	-3	-2	-3
N501	47B6D374-B860-E611-8111-125BDAFF1DF1	-3	-1	-3	-3	1	3	3	3	3	3	-3	3	3	1	-3	-3	0	0	0	0	3	3	2	3	3	3	3	3	3	2	2	2	-1	1	2	2	1	1	2	2	3	3	-3	0	-3	-2	-3	-3
N501	3FAEBD92-B860-E611-8111-125BDAFF1DF1	-3	-1	-3	-2	0	2	2	2	2	2	-3	0	2	2	-1	-2	2	-2	2	0	3	2	1	-1	3	3	2	0	1	3	1	2	2	1	1	0	1	3	2	1	2	-1	2	-1	2	-2	1	0
N501	6950B898-B860-E611-8111-125BDAFF1DF1	-1	-2	-2	-1	1	3	3	2	3	1	-2	2	3	1	-1	-1	-3	-2	-3	-3	-1	-1	0	-1	3	3	3	2	2	3	3	3	-1	-1	0	-1	-1	-1	0	1	1	-2	-2	-2	-2	-3	-3	-3
N501	3A91B09E-B860-E611-8111-125BDAFF1DF1	0	-1	-3	-2	0	3	3	3	3	3	-3	3	3	3	-2	-1	0	2	3	1	0	0	0	0	2	2	1	3	0	2	3	2	0	-1	3	1	2	0	0	1	3	0	-2	-2	-3	-3	-3	-3
N501	CAD3A8A4-B860-E611-8111-125BDAFF1DF1	-3	-3	-3	-3	-3	3	3	3	3	2	-3	3	3	0	-3	-3	3	3	3	3	0	0	-1	-1	3	3	3	3	-2	3	2	1	-3	-3	3	1	2	0	2	2	3	2	-3	-3	-3	-3	-3	-3
N501	75D4A8A4-B860-E611-8111-125BDAFF1DF1	0	0	-3	-3	-3	2	3	1	2	1	-3	1	0	0	-3	0	1	1	1	1	0	2	2	2	2	1	0	2	0	3	2	2	-3	-3	1	1	-1	2	2	2	1	-2	-3	-2	0	-3	0	-3
N501	396493BC-B860-E611-8111-125BDAFF1DF1	-1	-1	-3	-2	-2	3	3	3	1	0	-2	1	3	0	-2	-2	1	0	0	0	0	1	0	1	3	2	2	2	2	2	2	3	-3	-3	0	0	1	0	1	0	0	0	-3	-2	-2	-3	-3	-3
N501	59A58BC2-B860-E611-8111-125BDAFF1DF1	-3	-3	-1	-2	0	-1	0	1	0	-1	-1	0	1	-1	-2	-1	-2	-2	0	-2	1	0	1	0	1	2	0	0	1	1	1	-1	0	0	-1	-2	-1	0	0	0	0	-1	0	0	-1	-1	-1	0
N501	0A239BB6-B860-E611-8111-125BDAFF1DF1	1	1	1	-1	-1	3	3	3	3	3	-3	2	3	3	-3	1	2	3	3	3	3	2	2	0	3	3	3	3	3	3	3	3	1	-3	3	0	3	3	3	3	3	1	-2	-3	3	2	3	1
N501	B0897ECE-B860-E611-8111-125BDAFF1DF1	-3	-3	-3	-3	-3	1	1	-2	-3	3	-3	1	1	0	-1	-3	3	3	3	3	-3	-3	-3	-3	2	2	1	1	2	2	2	1	-3	-3	1	1	0	2	1	-2	2	-2	-3	-3	-3	-3	-3	-3
N501	3A8A7ECE-B860-E611-8111-125BDAFF1DF1	-3	-3	-3	-3	-3	3	3	3	3	0	-3	3	3	3	-3	-3	0	0	0	0	0	0	3	0	3	3	0	3	2	3	3	3	-3	-3	2	1	1	1	2	1	2	-1	-3	-3	-3	-3	-3	-3
N501	138A7ECE-B860-E611-8111-125BDAFF1DF1	-3	3	-3	-3	-3	3	3	3	3	3	-3	3	-3	3	-3	-3	3	3	3	3	3	3	3	3	3	3	3	3	1	3	3	3	-3	-3	3	3	3	3	3	3	3	3	-3	-3	-3	-3	-3	-3
N501	32897ECE-B860-E611-8111-125BDAFF1DF1	-2	-2	-2	-1	2	3	3	3	2	2	-2	2	3	0	0	2	3	3	3	3	-2	-2	-2	-2	2	2	2	2	3	1	2	0	2	1	2	2	2	2	2	0	0	2	-2	-1	1	-1	-1	-1
N501	C7897ECE-B860-E611-8111-125BDAFF1DF1	-2	-3	2	2	2	3	3	2	3	1	1	2	3	2	1	1	1	1	1	1	0	-1	0	0	2	1	2	2	1	1	1	1	1	1	1	1	1	1	1	0	1	0	0	1	0	1	0	0
N501	34FF77E0-B860-E611-8111-125BDAFF1DF1	1	-2	-2	1	-1	0	0	1	1	1	1	-2	2	0	1	2	3	3	3	3	-3	-3	-3	-3	-1	1	1	1	3	-1	3	1	-3	-3	1	-3	1	0	0	-3	-3	-2	-3	-3	-3	-3	-3	-3
N501	74FE77E0-B860-E611-8111-125BDAFF1DF1	-1	-1	-1	-1	1	3	3	1	3	1	-1	1	2	2	-1	-1	-3	-3	-3	-3	-1	-1	-1	-2	2	1	1	2	3	2	1	1	-1	-1	1	0	0	0	1	0	1	-1	-1	0	-1	-1	-2	-2
N501	8BE46AEC-B860-E611-8111-125BDAFF1DF1	3	3	-3	3	3	3	3	3	3	3	-2	3	3	-3	3	3	0	3	3	3	1	0	0	-3	3	3	3	3	3	3	3	3	3	3	1	0	3	3	3	0	3	3	-3	1	-3	-3	0	3
N501	532E63F2-B860-E611-8111-125BDAFF1DF1	-3	-3	-3	-3	-3	3	3	3	3	2	-3	2	3	1	-3	-3	-3	-3	-3	-2	-3	-3	-3	-3	1	1	-1	1	2	2	1	2	-1	-3	-1	-1	1	-1	-3	-2	1	-2	-3	-3	-3	-3	-3	-3
N501	D72E63F2-B860-E611-8111-125BDAFF1DF1	1	0	-3	1	-1	1	1	3	3	1	-1	0	1	-1	-1	-1	0	0	0	1	1	1	2	1	2	3	0	1	1	1	2	2	-1	-1	0	0	0	1	1	1	0	-1	-3	0	-3	-2	-2	-3
N501	58AB5E0A-B960-E611-8111-125BDAFF1DF1	-2	-2	-3	-3	-1	3	3	3	3	3	-3	3	3	0	-1	0	0	1	-1	0	2	3	-3	3	3	0	3	0	1	0	2	3	1	-1	2	3	0	0	3	3	3	-1	-3	3	-2	-3	0	-2
N501	74D36E10-B960-E611-8111-125BDAFF1DF1	1	-2	-3	-2	1	1	2	3	1	1	-3	1	2	1	-2	-2	-3	2	-1	-2	-2	-1	-2	-2	2	-1	1	3	1	1	1	-2	-2	-2	2	1	1	-1	1	1	1	-1	-3	-2	-1	-2	-3	-3
N501	E3D26E10-B960-E611-8111-125BDAFF1DF1	-3	-3	-3	-3	-3	2	3	3	3	1	-3	3	3	-1	-2	-3	-3	-3	-3	-3	-3	-3	-3	-3	0	3	-2	-3	-3	2	3	1	-3	-3	-2	-1	-2	-3	-2	-1	0	-3	0	-3	-1	-3	-3	-3
N501	C1856916-B960-E611-8111-125BDAFF1DF1	-3	-3	-3	-3	-2	3	3	3	3	3	-3	3	3	-2	-2	-3	-3	0	-3	-3	-3	-3	-2	1	3	1	-1	-1	-3	1	2	1	-3	-3	-1	-2	-1	1	-1	1	3	-3	-3	-3	-3	-3	-3	-3
N501	93D5611C-B960-E611-8111-125BDAFF1DF1	-3	-3	-3	-3	-3	3	1	3	3	3	-3	3	3	1	-3	-2	3	3	3	3	0	0	0	0	3	3	3	2	3	3	3	3	-3	-2	2	2	2	0	3	3	3	-2	0	-3	-3	-3	-3	-3
N501	FD255A22-B960-E611-8111-125BDAFF1DF1	1	0	-1	-1	0	0	1	1	1	1	-1	1	1	1	-1	-1	2	1	3	3	0	0	-1	0	1	0	0	1	-1	0	2	0	0	0	0	-1	1	0	1	0	0	-2	-1	-1	0	0	-1	-1
N501	593F4A34-B960-E611-8111-125BDAFF1DF1	0	-1	-2	-1	1	2	3	2	2	1	-1	1	2	1	1	1	2	2	3	3	-2	-2	-2	-3	2	2	3	2	2	1	1	2	0	0	1	0	1	1	1	1	0	-2	-3	-2	-3	-2	-3	-3
N501	FDE36AEC-B860-E611-8111-125BDAFF1DF1	-3	-3	-3	-3	3	3	3	3	3	3	-3	3	3	3	3	-3	3	3	3	3	-3	-3	-3	-3	3	3	3	3	3	3	3	3	-3	3	3	-3	3	3	3	3	3	-3	-3	-3	-3	-3	-3	-3
N501	60694440-B960-E611-8111-125BDAFF1DF1	0	0	0	-2	0	3	3	3	3	3	-1	3	3	3	1	-3	3	3	3	3	0	-3	0	-3	3	3	3	3	3	3	3	3	-3	-3	3	3	2	3	3	1	3	0	-3	-3	-3	-3	-3	-3
N501	CBE14346-B960-E611-8111-125BDAFF1DF1	-3	-3	-3	-3	-3	3	3	3	3	3	-3	3	3	3	-3	-3	-3	-3	-3	-3	3	3	3	3	3	3	3	3	3	3	3	3	-3	-3	-3	3	-3	3	-3	3	3	-3	-3	-3	-3	-3	-3	-3
N501	BAE14346-B960-E611-8111-125BDAFF1DF1	-3	-3	-3	-3	-2	0	3	-1	-3	3	-3	0	2	3	-3	3	3	3	3	3	-1	0	1	-1	3	3	3	2	2	3	3	3	1	-1	2	2	0	-1	2	2	2	-3	-3	3	-3	-3	-3	-3
N501	26BF415E-B960-E611-8111-125BDAFF1DF1	0	-2	-2	-1	-2	-1	3	2	3	0	-1	2	3	0	-3	-1	3	3	3	3	2	0	1	2	2	2	1	2	-1	2	3	1	-1	-2	2	3	2	2	2	2	3	2	-3	-2	-3	-3	-2	-2
N501	C0474258-B960-E611-8111-125BDAFF1DF1	-1	-3	0	0	0	3	2	1	0	0	-3	3	3	1	-2	-2	2	3	3	2	2	2	-2	2	2	3	3	0	-3	3	3	2	0	-1	2	2	0	1	2	0	2	3	-3	-2	-2	-3	-3	-3
N501	4A25376A-B960-E611-8111-125BDAFF1DF1	0	1	0	1	1	3	3	3	3	3	1	2	3	1	1	1	3	2	2	3	0	1	1	0	1	3	3	3	0	3	2	1	-2	-1	3	1	3	2	3	1	0	1	-2	-1	-1	-3	-2	-3
N501	48484258-B960-E611-8111-125BDAFF1DF1	-3	0	-3	-1	1	-1	1	-1	1	-2	-3	-3	-3	-3	1	1	3	3	3	3	-1	-1	-1	-3	2	-3	2	1	-2	1	1	1	0	-1	1	1	1	1	1	2	-3	-1	-2	-1	-3	-1	-2	-2
N501	99F710A0-B960-E611-8111-125BDAFF1DF1	1	1	-3	-1	-2	0	0	1	2	0	-3	1	0	-3	-3	-3	2	3	3	3	-2	-3	1	-3	1	0	-1	1	3	-3	3	-1	0	0	-2	0	0	0	-1	-1	1	-1	-3	1	-3	-3	-3	-3
N501	654DE50B-BA60-E611-8111-125BDAFF1DF1	-2	-3	-2	-3	-2	3	3	1	3	2	-3	1	3	-1	-3	-3	-2	1	3	3	-3	-3	-3	-3	3	0	0	2	0	2	1	0	-3	-3	0	-2	3	-1	1	-2	-2	3	-3	-3	-3	-3	-3	-3
N501	BF7B6595-BA60-E611-8111-125BDAFF1DF1	-3	-3	-1	-3	-2	2	3	2	3	2	-3	2	3	-2	-3	-3	0	-3	0	0	1	0	0	0	1	3	3	0	-2	2	3	2	-3	-2	0	2	-1	0	0	1	2	2	-3	0	-3	-3	-3	-2
N501	470F34D7-BA60-E611-8111-125BDAFF1DF1	-2	-2	-2	-1	1	3	3	2	0	0	-1	-2	1	-3	-2	0	0	2	3	3	-3	-1	-1	-1	3	1	3	3	0	2	2	3	3	3	0	1	3	3	1	-1	3	-1	0	1	1	1	-3	0
N501	20BA2BE3-BA60-E611-8111-125BDAFF1DF1	-1	-2	-3	-2	0	1	3	2	3	1	-3	2	2	-1	-2	-2	1	3	3	3	-3	-3	-3	-3	3	2	3	3	2	3	2	2	-1	-1	3	1	1	0	1	0	2	0	-3	-3	-3	-3	-3	-3
N501	8ED6B5D2-BB60-E611-8111-125BDAFF1DF1	-2	-3	-3	-3	-2	0	1	1	1	0	-2	0	2	1	-2	-2	2	2	2	2	0	0	0	0	2	2	1	1	1	0	2	0	-2	0	2	1	2	0	1	1	0	-2	-3	0	-1	1	-3	-3
N501	2616ADE4-BB60-E611-8111-125BDAFF1DF1	-1	-1	-1	3	3	2	3	3	2	3	1	3	3	3	-2	1	0	0	-1	-1	3	3	0	1	2	3	3	2	3	3	3	-1	3	-1	1	1	2	3	0	1	3	0	-1	-3	-1	-1	-3	-1
N501	84F169AB-BD60-E611-8111-125BDAFF1DF1	1	2	0	-1	1	1	2	1	1	-1	-1	1	0	1	2	1	3	3	3	3	-1	-1	0	0	2	2	1	1	2	1	0	0	0	0	1	1	1	2	1	2	0	0	-3	1	-3	-1	-2	-3
N501	383465C3-BD60-E611-8111-125BDAFF1DF1	0	-2	-3	-1	2	1	1	0	-3	1	-3	0	-1	0	-3	-1	-1	2	2	3	-3	-3	-3	-3	0	3	-1	3	0	1	0	0	3	3	-1	-2	-2	0	-2	-3	0	0	-3	-3	-3	1	-3	-3
N501	FEDA48F4-9562-E611-8111-125BDAFF1DF1	2	1	0	2	1	1	2	2	3	3	-1	0	3	0	2	2	-3	3	1	3	-3	-3	-2	-3	0	0	0	0	0	-3	2	-2	0	1	1	-2	3	3	3	-2	3	-3	-1	2	0	0	2	3
N501	09DE6306-9662-E611-8111-125BDAFF1DF1	-3	-3	-3	-3	-2	3	3	3	3	2	-3	3	3	3	-3	-3	-3	-3	-3	-3	0	-3	-3	-3	2	3	-3	-3	3	3	3	3	2	-2	-2	-2	-2	0	-2	2	0	-2	-2	-3	-3	-3	-3	-3
N501	11488630-9662-E611-8111-125BDAFF1DF1	-2	0	2	1	2	2	2	3	1	3	1	2	2	2	1	-1	-2	0	-2	-3	1	2	2	1	3	3	3	3	1	3	3	2	0	0	2	3	2	1	2	2	1	-3	-1	-1	-1	-1	-3	-3
N501	6173803C-9662-E611-8111-125BDAFF1DF1	-3	-3	-3	-3	-2	3	3	3	1	0	-3	3	1	3	-3	-3	-3	-1	1	1	0	-1	1	-2	-3	0	1	1	-1	3	1	3	3	-2	2	-1	-3	0	-1	3	1	-3	-3	-2	-3	-3	-3	-3
N501	6D73803C-9662-E611-8111-125BDAFF1DF1	-1	-2	-2	-2	2	2	2	1	3	0	-2	2	3	-1	-2	-2	-1	-3	-1	1	1	-1	2	-1	1	3	1	1	0	3	0	1	-1	-1	1	0	2	1	1	1	1	-2	-3	-3	-1	-2	-2	-3
N501	99FF7C48-9662-E611-8111-125BDAFF1DF1	-3	-3	-3	1	1	3	3	3	3	3	-2	3	3	3	-2	-2	-3	-1	0	-3	2	2	3	1	3	3	3	2	3	3	3	3	0	-3	3	1	-3	-2	-1	0	2	-1	-3	-2	-2	-2	-3	-3
N501	80FF7C48-9662-E611-8111-125BDAFF1DF1	3	0	-3	-3	0	3	3	3	3	3	-3	3	3	3	1	1	1	-2	3	0	1	3	3	3	3	3	3	3	-3	3	3	3	-3	-3	2	3	1	3	1	3	3	0	-3	-3	-3	-3	-3	-3
N501	52FF7C48-9662-E611-8111-125BDAFF1DF1	1	1	0	1	1	3	3	3	3	2	1	3	3	1	1	1	2	1	2	2	2	2	2	2	2	2	2	1	1	2	1	1	1	2	2	2	2	2	2	2	1	1	2	2	2	0	0	0
N501	9DFF7C48-9662-E611-8111-125BDAFF1DF1	-3	-3	-3	-2	0	3	3	3	3	3	-3	2	3	1	-3	-3	-3	-2	-3	-3	-1	-1	-2	-1	2	1	1	1	0	0	0	0	0	-1	0	0	0	0	0	0	0	-3	-2	0	-1	-1	-1	-1
N501	3500A54E-9662-E611-8111-125BDAFF1DF1	-3	-3	-3	-1	-3	2	1	2	2	3	-3	2	3	3	-1	-2	-2	0	-2	0	0	0	-2	0	1	2	1	2	0	3	1	1	-2	-2	1	1	0	1	1	0	1	0	-2	-3	-3	1	-2	-3
N501	4000A54E-9662-E611-8111-125BDAFF1DF1	-1	-1	-1	-1	-1	3	3	3	3	1	-1	3	2	0	-1	-2	-3	-1	-1	-1	-1	0	0	-1	2	3	2	1	3	1	1	2	1	1	1	0	1	-1	2	1	1	-1	-2	-1	-2	-1	-2	-1
N501	EE509D54-9662-E611-8111-125BDAFF1DF1	-3	-3	-3	-3	-1	2	3	3	2	2	-3	2	3	0	-3	-3	2	1	3	3	-1	-2	1	0	3	3	3	2	3	3	3	2	-3	-2	-1	2	3	2	-1	-2	3	-2	-3	-2	-3	-3	-2	-3
N501	B300A54E-9662-E611-8111-125BDAFF1DF1	-2	-3	-3	-2	-1	3	3	-1	3	1	-2	2	2	3	-3	-3	0	0	0	0	0	0	0	0	3	3	3	3	-3	3	2	3	-3	-3	3	1	0	-2	0	3	-1	-3	-3	-3	-3	-3	-3	-3
N501	36519D54-9662-E611-8111-125BDAFF1DF1	-3	-3	-3	-3	0	1	0	1	1	1	-2	1	2	-1	-3	-3	3	3	1	3	-3	-3	-3	-3	3	2	2	3	0	2	3	2	-3	-2	1	0	1	-1	0	0	1	0	-3	-3	-3	-3	-3	-3
N501	CA2A9F5A-9662-E611-8111-125BDAFF1DF1	-2	0	-3	-1	-1	3	0	3	1	3	-2	2	1	-1	1	-2	3	1	1	2	0	-1	-1	-3	0	2	0	0	-1	1	2	1	0	1	1	0	0	-1	0	1	-1	0	0	0	1	-2	-3	-2
N501	94887D42-9662-E611-8111-125BDAFF1DF1	-3	-3	-3	-3	-3	1	1	0	2	1	-3	2	1	0	-3	-3	-1	-3	-3	-3	1	3	-1	2	1	2	1	0	2	2	2	1	-3	-3	0	-3	-3	-3	0	0	-1	-3	-3	-3	-3	-3	-3	-3
N501	CCDC9960-9662-E611-8111-125BDAFF1DF1	-3	-3	0	-3	-1	3	3	3	3	3	-3	3	3	3	0	0	3	3	3	3	0	1	1	0	3	3	3	3	3	3	3	3	-3	-3	3	2	-3	0	0	1	3	-3	-3	-3	-3	-3	-3	-3
N501	DDDC9960-9662-E611-8111-125BDAFF1DF1	-3	-3	-3	-3	-1	3	1	3	2	2	-3	1	2	1	-3	-3	0	1	0	1	3	3	3	3	1	3	0	0	3	3	2	2	-1	0	0	2	0	3	0	2	2	-1	-3	0	-3	-3	-3	-3
N501	7B8F9466-9662-E611-8111-125BDAFF1DF1	-3	-3	-3	-1	-1	3	3	-1	3	3	-2	2	3	3	-3	-2	-2	-1	-2	-1	-1	3	3	2	2	2	1	1	3	-1	3	3	-3	-2	3	0	-2	-2	-1	2	1	-3	-3	-3	-3	-3	-3	-3
N501	04E18C6C-9662-E611-8111-125BDAFF1DF1	-3	-3	3	1	1	1	2	2	3	2	-1	2	3	-3	-3	-3	0	1	-3	1	1	3	1	1	3	3	1	1	3	3	3	2	2	1	3	1	1	1	2	2	3	-3	0	2	-3	1	-3	-3
N501	20E18C6C-9662-E611-8111-125BDAFF1DF1	-3	-2	-3	-2	-3	2	3	0	3	2	-3	3	2	-1	-3	-3	-3	-2	-1	-3	1	0	1	1	3	2	3	0	0	2	3	3	-1	-1	2	0	1	-1	2	0	-1	-1	-3	-2	-3	-3	-3	-3
N501	F8E08C6C-9662-E611-8111-125BDAFF1DF1	-3	-3	-3	-3	-3	3	3	3	3	1	-3	3	3	0	-3	-3	3	1	2	3	1	0	1	2	1	2	2	0	-1	3	1	2	-3	-3	3	2	1	2	2	3	1	-2	-3	-3	-3	-3	-3	-3
N501	1AE18C6C-9662-E611-8111-125BDAFF1DF1	-3	-3	-3	-3	-3	3	3	3	3	3	-3	3	3	3	-3	-3	-3	-3	-3	-3	-2	0	-1	-2	3	3	3	3	3	2	3	3	-3	-3	0	0	-2	-3	0	0	2	-3	-3	-3	-2	-2	-2	-3
N501	46E18C6C-9662-E611-8111-125BDAFF1DF1	-3	-3	-2	-3	-3	1	2	1	3	2	-3	1	1	0	-2	-3	-1	-2	-1	-2	2	1	1	1	2	1	1	0	1	3	1	2	-2	-3	0	1	-3	-2	0	0	-1	0	-1	0	-3	-3	-3	-3
N501	33519D54-9662-E611-8111-125BDAFF1DF1	0	-1	-1	-1	-1	3	3	2	3	0	-2	2	3	1	-3	-2	1	1	1	1	0	1	-1	0	1	1	3	1	1	0	1	0	-2	-2	1	0	2	1	1	1	0	-3	-3	-2	-3	-3	-2	-2
N501	ECE08C6C-9662-E611-8111-125BDAFF1DF1	-3	-3	1	-1	0	3	3	3	2	2	0	1	3	3	-3	-3	0	2	0	0	2	1	2	2	3	2	1	2	3	3	3	1	-2	-3	2	2	1	-2	1	3	1	1	-3	-1	-3	-1	-3	-3
N501	EC6D8978-9662-E611-8111-125BDAFF1DF1	-3	-3	-3	-2	-2	3	3	3	3	3	-3	3	3	2	-3	-3	-3	-3	-3	-3	-3	-3	-3	1	3	3	3	3	3	3	2	2	-3	-3	1	0	-3	-1	-1	-1	1	-3	-3	-3	-3	-3	-3	-3
N501	E76D8978-9662-E611-8111-125BDAFF1DF1	-3	-3	-3	-3	-3	3	3	3	3	3	-3	3	3	3	-2	2	0	0	1	1	0	1	0	2	3	0	2	3	2	3	0	3	0	-1	0	1	0	2	-1	0	1	0	0	-3	-1	-3	-3	-2
N501	41F68972-9662-E611-8111-125BDAFF1DF1	-3	-2	-3	-2	0	3	3	2	3	1	-2	3	2	1	-2	-3	-3	-1	-3	-2	-1	-1	-2	-1	3	2	2	3	0	0	2	2	-1	-2	1	1	-1	-1	1	1	0	0	-3	-1	-3	-3	-3	-3
N501	1C6E8978-9662-E611-8111-125BDAFF1DF1	0	-1	-1	-1	-1	3	3	0	3	0	-1	3	3	0	0	0	3	3	3	3	1	0	0	0	3	3	3	3	3	3	0	3	-1	-3	3	1	3	3	3	1	3	-3	-3	-3	-3	-3	-3	-3
N501	1DD68E8A-9662-E611-8111-125BDAFF1DF1	-2	-2	-1	-1	1	3	3	2	1	3	-1	1	3	1	1	-1	-1	0	-2	-2	0	1	-1	0	2	1	2	3	0	0	2	2	1	0	0	1	-2	2	-1	0	0	0	-2	-1	-2	-2	-2	-2
N501	C2A78A84-9662-E611-8111-125BDAFF1DF1	3	1	-3	-3	0	3	3	3	3	3	-3	3	3	3	1	2	-1	-1	-1	0	-1	0	-1	-1	1	0	0	-2	1	-1	3	-2	0	-3	0	0	0	1	2	1	0	-3	-3	-3	-3	-3	-3	-3
N501	4DD68E8A-9662-E611-8111-125BDAFF1DF1	-3	-3	-3	-1	-2	3	3	3	3	3	-2	1	3	3	-2	-2	0	-2	0	0	1	1	1	2	2	3	1	0	0	1	1	3	0	0	0	0	0	0	0	0	0	-3	-3	0	-3	-2	-3	-3
N501	FBD58E8A-9662-E611-8111-125BDAFF1DF1	-3	-3	-3	-2	-2	1	3	0	0	3	-3	0	2	1	-2	-3	-2	-2	-2	-1	0	2	-1	2	2	0	3	2	2	3	3	1	-2	-2	1	1	-2	0	1	1	0	-3	-3	1	0	-3	-3	-3
N501	7DF19E90-9662-E611-8111-125BDAFF1DF1	-3	-3	-3	1	1	3	3	2	3	2	-3	3	3	3	1	1	3	-3	2	3	3	3	2	3	3	3	3	0	3	3	3	3	2	3	3	2	3	3	1	3	3	2	1	1	0	1	0	0
N501	B5A78A84-9662-E611-8111-125BDAFF1DF1	-2	-2	-1	-2	-2	2	1	3	3	-2	-2	2	3	-2	-2	-2	-2	-2	-2	-2	-1	-2	-2	-2	1	-2	1	0	0	-2	-2	-2	-2	-1	-2	-2	-2	-2	-2	-2	-2	-2	-2	-1	-2	-2	-3	-2
N501	92359796-9662-E611-8111-125BDAFF1DF1	-1	-3	-3	-2	-2	2	3	3	3	2	-3	3	3	-1	-2	-3	-1	-2	-2	-2	0	-2	-1	-1	3	2	2	2	-1	0	2	-1	-1	-2	0	-2	-1	0	1	0	-1	0	-3	-2	-2	-3	-3	-3
N501	97F19E90-9662-E611-8111-125BDAFF1DF1	-3	-3	-3	-3	3	3	3	3	3	3	-3	3	3	3	-3	-3	-3	-3	-3	-3	0	-3	-3	-3	3	3	3	3	3	3	3	3	3	-3	3	3	-3	0	0	3	3	0	-3	-3	-3	-3	-3	-3
N501	0FDC919C-9662-E611-8111-125BDAFF1DF1	-2	-3	-3	-1	-1	3	3	3	3	3	-3	3	3	1	-3	-3	-3	-2	-2	-3	3	2	2	3	2	3	1	2	-1	2	2	2	-3	-3	0	-1	-2	1	-1	-1	-1	-2	-1	-1	-2	-1	-2	-2
N501	10F29E90-9662-E611-8111-125BDAFF1DF1	1	0	-2	-2	-1	1	3	2	3	-1	-1	2	3	2	1	1	-1	1	-2	-1	-1	-1	1	-3	-1	0	-3	-1	-2	-1	3	0	-2	1	1	-1	0	2	1	-2	1	-3	1	-2	2	-2	-2	-1
N501	EEDB919C-9662-E611-8111-125BDAFF1DF1	-1	-2	-2	-3	0	3	3	3	3	3	-2	3	3	3	0	-2	2	3	3	3	-2	-1	-2	-3	3	3	2	0	2	3	1	3	0	-2	2	1	0	-1	0	1	1	1	-2	-1	-2	-3	-2	-2
N501	86F19E90-9662-E611-8111-125BDAFF1DF1	-3	-3	-3	-3	-1	3	3	3	3	3	-3	3	3	2	-3	-3	3	3	3	3	3	3	2	3	3	3	3	3	2	3	3	3	-3	-3	0	0	-1	1	-3	-1	-1	-3	-3	-3	-3	-3	-3	-3
N501	2DF688AE-9662-E611-8111-125BDAFF1DF1	-3	-3	1	-1	2	3	3	3	3	3	-2	3	3	2	-3	-3	1	0	2	2	2	1	2	3	1	2	1	1	2	2	3	1	-3	-2	1	0	-3	1	1	0	0	0	-3	-3	-1	-3	-3	-3
N501	6C6188B4-9662-E611-8111-125BDAFF1DF1	1	0	0	0	0	3	3	3	3	3	-1	3	3	1	0	0	-3	-1	-2	-2	-1	-1	-1	-2	2	2	2	2	1	0	2	1	1	1	1	0	-1	0	1	0	1	-1	-3	1	-3	-2	-3	-3
N501	3A6188B4-9662-E611-8111-125BDAFF1DF1	1	1	-3	-3	1	3	3	3	3	3	-3	3	3	3	-1	-2	2	3	3	3	0	0	2	1	3	3	2	2	3	3	3	2	1	2	2	1	2	3	2	3	2	1	-2	3	2	1	-2	-1
N501	436188B4-9662-E611-8111-125BDAFF1DF1	-3	-3	-3	-3	-3	3	3	3	3	3	-3	2	3	-2	-3	-3	-3	-3	-1	-2	0	0	0	-3	3	3	3	2	1	3	3	-1	-3	-3	2	2	1	2	-1	1	2	-3	-3	0	-3	-3	-3	-3
N501	8E6188B4-9662-E611-8111-125BDAFF1DF1	3	3	-2	-1	3	3	3	3	3	3	-2	3	3	-1	3	3	1	0	1	3	3	2	3	1	3	3	3	3	3	3	1	2	3	3	0	0	3	1	1	-1	-1	1	-3	1	0	3	-1	1
N501	AEED8BA8-9662-E611-8111-125BDAFF1DF1	-3	-3	-3	-3	0	3	3	3	3	3	-3	3	3	3	0	1	3	0	3	0	3	3	3	3	3	3	3	3	3	3	3	3	3	3	3	3	3	3	3	3	3	3	0	0	1	0	-3	-3
N501	36A580BA-9662-E611-8111-125BDAFF1DF1	-3	-2	-3	-3	0	1	1	0	2	2	-2	2	2	-3	-2	-3	0	-3	-1	0	-1	0	0	0	0	1	1	2	2	0	1	-1	-1	3	-2	-3	-1	0	-1	1	0	-2	-2	-3	-2	-3	2	-3
N501	734B7BC0-9662-E611-8111-125BDAFF1DF1	-1	0	-1	0	1	3	3	2	3	2	-1	1	3	2	-1	-1	-3	-3	-3	-3	-3	-3	-3	-3	2	2	1	1	-1	1	1	2	0	-1	0	-3	-3	1	-1	-3	1	-3	-3	-3	0	-3	-3	-3
N501	9D4B7BC0-9662-E611-8111-125BDAFF1DF1	2	1	-2	0	0	3	3	2	1	3	-1	3	3	1	-1	-2	0	0	0	0	0	0	0	0	2	1	2	-2	-1	2	2	3	1	0	0	0	1	1	0	0	-1	1	-1	-1	0	0	-2	-2
N501	257A9EC6-9662-E611-8111-125BDAFF1DF1	-2	-2	-1	0	1	1	3	3	3	0	-1	2	3	3	-2	-3	-3	-3	2	-3	-2	0	-1	3	3	2	2	2	0	3	0	3	-1	-1	1	1	2	-1	0	2	2	0	1	0	-2	3	-3	-1
N501	B74B7BC0-9662-E611-8111-125BDAFF1DF1	-2	-1	-3	-2	0	3	2	2	2	1	-2	-1	2	-1	-1	-1	-1	-1	-2	-1	2	1	-1	-1	1	2	2	2	2	1	1	1	-3	-2	1	-2	1	2	-1	0	0	-2	-3	-3	-2	-2	-3	-2
N501	2C6188B4-9662-E611-8111-125BDAFF1DF1	-3	-3	-2	0	2	3	3	3	2	2	-2	3	3	3	-3	0	0	0	1	0	1	0	1	2	3	2	3	3	2	3	3	2	2	3	0	2	2	0	2	2	2	-1	-1	1	0	1	0	-2
N501	597A9EC6-9662-E611-8111-125BDAFF1DF1	0	0	-1	0	1	2	3	2	3	2	1	2	3	0	-1	-1	-1	-1	0	0	0	0	0	0	1	1	1	1	1	1	1	0	1	0	0	-1	1	1	1	0	0	0	-1	1	-1	-1	-1	-1
N501	02839BCC-9662-E611-8111-125BDAFF1DF1	0	0	0	0	0	3	3	3	3	0	0	3	3	3	3	-3	3	3	3	3	3	3	3	3	3	3	3	3	3	3	3	3	0	0	3	0	3	3	3	3	3	0	-3	0	-3	-3	-3	-3
N501	D1B29FD2-9662-E611-8111-125BDAFF1DF1	-1	-1	-2	-2	0	3	3	3	3	3	-2	3	3	1	-1	-1	0	0	1	-1	2	0	3	2	3	3	2	3	1	3	3	1	2	0	0	0	0	0	1	2	1	-2	-1	0	-1	-1	-2	-1
N501	D5B29FD2-9662-E611-8111-125BDAFF1DF1	-3	-3	-3	-3	-2	3	2	2	3	1	-3	2	2	-3	-3	-3	0	-1	0	-1	0	0	2	1	3	3	3	3	2	3	3	3	1	-3	1	0	0	2	0	0	0	-3	-2	-3	-3	-3	-3	-3
N501	D2B29FD2-9662-E611-8111-125BDAFF1DF1	-3	-3	-1	-1	-1	3	2	2	2	2	-3	2	1	1	-3	-2	0	0	0	0	0	0	0	0	2	2	2	2	1	1	3	1	-2	-3	0	0	0	0	0	0	0	0	-3	-3	-3	-3	-3	-3
N501	2E839BCC-9662-E611-8111-125BDAFF1DF1	-3	-3	-3	-2	-3	2	2	1	3	0	-3	1	1	-2	-3	-3	-2	-2	-1	-2	1	1	1	2	2	1	-2	-1	-1	1	2	-2	-2	-1	-1	-1	-2	-2	-1	1	-1	-2	-1	0	-2	-3	-1	-2
N501	DE829BCC-9662-E611-8111-125BDAFF1DF1	-3	3	-2	-3	3	3	2	2	3	1	-2	1	2	-3	-2	-3	-3	1	-2	-2	-2	2	-2	-2	3	3	-3	1	-2	3	2	1	-2	-1	2	1	-3	-3	2	3	-3	-3	-2	-3	-2	-3	-3	-3
N501	3FA3AEE4-9662-E611-8111-125BDAFF1DF1	-3	-3	-3	-3	0	3	3	3	2	3	-3	2	3	0	-3	-3	-2	-3	0	0	0	2	2	2	3	2	2	3	2	2	2	1	1	0	0	2	2	2	2	1	3	1	-3	-1	-3	-2	-3	-3
N501	420FA8DE-9662-E611-8111-125BDAFF1DF1	-2	-2	-2	-2	1	2	2	2	2	2	-2	2	2	0	-2	-2	-2	-2	-2	-2	1	-1	-1	2	0	1	0	0	2	0	0	0	-1	0	-1	0	0	0	0	2	-1	-2	-2	-1	-2	-2	-3	-2
N501	280FA8DE-9662-E611-8111-125BDAFF1DF1	-2	-3	-3	-3	1	3	3	3	3	2	-3	3	3	0	-3	-2	0	-2	1	-2	-1	-1	-1	-3	2	3	3	3	-1	-2	3	-2	-3	-3	-3	-2	-2	-2	-2	-1	-3	-2	-2	-2	-2	-3	-2	-3
N501	9FB2C7F0-9662-E611-8111-125BDAFF1DF1	-1	-1	-3	-1	1	2	3	1	3	1	1	3	2	1	1	2	0	3	3	3	-2	-2	-2	-1	2	3	2	2	2	3	3	3	1	1	2	2	1	2	2	2	2	-3	-3	1	-1	-2	-3	-3
N501	9083C3EA-9662-E611-8111-125BDAFF1DF1	-3	-3	-3	-3	-3	2	3	3	3	3	-3	3	3	3	-3	-3	-2	-1	-2	-2	1	1	0	2	3	3	3	3	3	3	3	3	-3	-3	2	2	2	1	2	2	3	1	-3	-3	-3	-3	-3	-3
N501	CC39B8FC-9662-E611-8111-125BDAFF1DF1	-3	-3	-3	-3	-2	2	2	2	3	1	-3	3	2	3	-3	-3	0	-1	1	0	0	2	0	-2	2	2	2	2	2	2	2	2	-3	-3	0	2	-1	1	-2	1	-1	0	-3	-2	-3	-3	-3	-2
N501	A56BBC02-9762-E611-8111-125BDAFF1DF1	-3	-3	-3	-2	-1	3	3	2	3	2	-3	2	3	2	-3	-2	-2	-2	-2	-2	2	2	2	2	2	3	2	2	1	2	2	1	-2	-1	2	1	1	1	1	2	0	0	-2	-2	-2	-2	-2	-2
N501	F439B8FC-9662-E611-8111-125BDAFF1DF1	-3	-3	-3	-3	-3	1	3	2	2	2	-3	1	3	3	0	-2	-3	0	-1	-2	2	3	-2	3	2	0	2	1	-2	3	3	0	-2	-1	3	1	-2	2	-1	1	1	-3	-3	-3	-3	-3	-3	-3
N501	7E6BBC02-9762-E611-8111-125BDAFF1DF1	1	1	1	0	0	3	3	2	2	0	0	0	2	0	0	3	0	0	0	0	-2	-2	-3	-2	1	1	0	0	-1	0	-1	1	0	0	0	0	0	2	3	0	0	-1	0	-1	0	0	3	1
N501	05C2C708-9762-E611-8111-125BDAFF1DF1	0	-1	-2	-2	1	3	3	3	3	2	-2	-1	3	1	-1	-1	-1	-1	0	-1	1	0	1	1	1	1	0	0	2	1	1	1	-1	-1	1	-1	1	2	1	1	1	-1	-1	-1	-1	-1	-2	-2
N501	9B6BBC02-9762-E611-8111-125BDAFF1DF1	-3	-3	-2	0	-2	3	3	3	3	3	-3	3	3	3	-3	-2	3	2	3	2	0	0	0	0	3	3	2	3	2	3	3	2	-3	-3	3	2	3	3	3	2	2	2	-2	-2	-3	-3	-3	-3
N501	12C2C708-9762-E611-8111-125BDAFF1DF1	-3	-3	-2	-1	-3	3	3	2	3	2	-2	1	3	-1	-3	-3	-3	-3	-3	-3	2	1	-1	3	2	1	1	1	3	1	2	1	-3	-3	-1	-1	-3	-3	0	-1	0	-2	-3	-3	-3	-3	-3	-3
N501	0FC2C708-9762-E611-8111-125BDAFF1DF1	-1	-2	-3	-1	0	-2	-2	3	2	3	0	2	3	0	-1	-1	2	3	3	3	-3	-3	-3	-3	3	3	2	1	0	-3	0	-1	-2	-1	1	-1	0	-1	1	0	2	1	-2	-1	-2	-1	-1	-2
N501	ACF7BFF6-9662-E611-8111-125BDAFF1DF1	-3	-3	-3	-3	-3	2	3	2	3	2	-3	2	3	-1	-3	-3	0	3	2	2	0	0	-2	0	1	2	2	3	0	2	1	0	-2	-2	1	1	1	1	1	2	1	-1	-3	-2	-3	-3	-3	-3
N501	1EC9C40E-9762-E611-8111-125BDAFF1DF1	-2	-3	-3	-3	-3	3	3	3	3	3	-3	3	3	0	-3	-3	-3	-3	-2	-3	-2	-2	-3	-2	3	3	1	2	3	3	3	2	3	2	0	0	-1	0	0	0	0	-3	-3	-3	-3	-3	-3	-3
N501	5F00E51A-9762-E611-8111-125BDAFF1DF1	-3	-1	-3	-2	1	3	3	3	3	3	-3	3	3	0	-3	-2	0	-1	3	2	1	3	-1	3	3	2	3	3	2	1	3	1	-2	0	1	-3	0	3	2	-1	3	-1	-2	-2	-3	-2	-3	-3
N501	5293EB20-9762-E611-8111-125BDAFF1DF1	-3	-3	-3	-3	-3	3	3	3	3	-3	-3	3	3	3	-3	-3	-3	-3	-3	-3	-3	-3	-3	-3	3	2	3	2	1	-3	-3	-3	1	1	-3	-3	-3	-3	-3	-3	-3	-3	0	-3	-3	-3	-3	-3
N501	EBD50227-9762-E611-8111-125BDAFF1DF1	-1	-1	-1	-1	-1	1	2	1	2	1	-1	1	1	2	-1	-1	-1	-1	-1	-1	-1	-1	-1	-1	1	0	1	1	0	1	1	2	-1	-1	1	-1	-1	0	1	0	1	-1	-1	-1	-1	-1	-1	-1
N501	EB4CFC38-9762-E611-8111-125BDAFF1DF1	-3	-3	-3	-3	-3	3	3	3	3	2	-3	3	3	0	-3	-3	0	0	3	0	3	3	3	3	3	3	-3	0	3	3	3	3	-3	0	3	3	3	0	0	3	3	0	-3	-3	-3	-3	-3	-3
N501	EC1DF832-9762-E611-8111-125BDAFF1DF1	-3	-3	-2	-1	-1	3	3	2	2	2	-2	2	2	2	-2	1	2	3	3	3	-3	-3	-2	-2	3	2	3	3	3	2	2	2	-1	1	1	1	2	0	0	-1	2	-3	-3	-2	-1	-2	-3	-3
N501	F04CFC38-9762-E611-8111-125BDAFF1DF1	-1	-1	-1	-1	-1	3	3	3	3	3	-1	3	3	3	-1	-1	0	0	0	0	1	1	1	1	3	3	3	3	3	3	1	1	2	1	1	0	0	0	2	1	-1	0	-1	-3	-2	-3	-1	-3
N501	434DFC38-9762-E611-8111-125BDAFF1DF1	0	1	1	0	0	3	3	3	3	0	-1	3	3	-1	1	-1	-1	0	1	3	1	-1	1	1	3	3	3	3	3	2	3	1	-3	-2	0	-1	0	-1	0	-1	1	0	-3	-3	-2	-3	-3	-3
N501	CB020A3F-9762-E611-8111-125BDAFF1DF1	-3	-3	-3	-2	0	3	3	3	3	3	-3	3	3	-1	-3	-3	3	3	3	3	3	3	1	3	3	3	3	0	3	3	3	3	-2	-1	3	0	0	0	3	3	0	-1	-1	-3	-3	-3	-3	-2
N501	06D5084B-9762-E611-8111-125BDAFF1DF1	-3	-3	-3	-3	0	3	3	3	3	2	-3	3	3	-2	-3	-3	-3	-3	-3	-3	0	0	0	1	3	3	3	3	0	3	1	3	2	-2	1	0	1	1	1	1	1	1	-2	0	-3	-3	-3	-3
N501	95CA2D57-9762-E611-8111-125BDAFF1DF1	3	3	3	-2	3	3	3	3	3	3	-3	3	3	0	0	3	-3	-3	-3	2	3	0	1	3	3	3	3	3	3	3	3	3	3	3	0	0	-3	0	-3	1	3	-1	-3	-3	-3	-3	-3	3
N501	59DA887E-9662-E611-8111-125BDAFF1DF1	-2	-2	-2	-1	-2	3	3	3	3	3	-2	3	3	3	-1	-2	0	0	0	0	0	0	0	0	3	3	3	3	3	3	3	3	-1	-2	2	1	0	-1	1	2	2	-2	-1	0	-2	-2	-2	-2
N501	38B6776F-9762-E611-8111-125BDAFF1DF1	-3	-3	-1	0	0	3	3	3	3	2	-3	2	3	3	-1	0	-1	0	0	0	3	2	2	3	3	3	2	2	3	2	2	3	1	2	1	3	2	2	3	3	2	-2	-2	-2	-2	-1	-3	-2
N501	6BDAA081-9762-E611-8111-125BDAFF1DF1	-1	-1	-1	0	0	3	3	3	3	2	-1	3	3	-1	-2	-1	-3	-3	-3	-3	-2	-1	-1	-2	3	1	3	3	3	3	3	2	3	3	0	0	3	1	1	0	1	0	-2	-2	0	-2	-1	-3
N501	EDD8C293-9762-E611-8111-125BDAFF1DF1	-2	-1	-3	0	1	3	3	3	3	3	0	3	3	0	0	-2	0	0	3	0	3	3	2	3	3	3	3	3	3	2	3	0	0	0	3	3	1	2	3	3	3	0	0	0	0	3	0	0
N501	E5F0D299-9762-E611-8111-125BDAFF1DF1	-1	-1	-2	-1	-1	1	2	2	2	0	-2	2	2	1	-2	-2	0	-1	0	0	0	0	0	0	1	1	0	1	0	1	2	1	-2	-1	1	0	-1	0	1	1	0	0	0	-1	-2	-1	-2	-2
N501	6DCDCBB1-9762-E611-8111-125BDAFF1DF1	-3	-3	-3	-3	-3	3	3	3	3	0	-3	3	3	2	-3	-3	-3	-2	-2	-2	-2	-2	-2	-2	1	2	-2	-2	1	1	0	0	-3	-3	-2	-2	-1	-2	-2	-2	-1	-3	-3	-3	-3	-3	-3	-3
N501	AACDCBB1-9762-E611-8111-125BDAFF1DF1	-3	-3	-3	-3	-3	0	2	-1	2	1	-3	-2	1	0	-3	-3	3	2	3	3	3	0	3	3	-2	3	-3	-3	-3	3	3	3	-3	-3	-3	-3	-3	-3	-3	0	-3	-3	-3	-3	-3	-3	-3	-3
N501	0087F8CF-9762-E611-8111-125BDAFF1DF1	-3	-3	-3	-3	-2	3	3	3	3	3	-3	1	3	2	-3	-3	-3	-3	-3	-3	2	2	2	2	3	3	3	3	2	3	2	2	-3	-3	2	1	-2	1	-2	0	3	-3	-3	-3	-3	-3	-3	-3
N501	14B19D60-9862-E611-8111-125BDAFF1DF1	1	1	-2	-1	0	3	3	3	3	3	-3	3	3	1	-3	-3	-2	-2	-1	-1	0	0	0	0	1	1	2	2	0	2	1	0	-2	-3	0	0	-1	0	0	0	1	0	-3	-3	-3	-3	-3	-3
N501	E4497748-9862-E611-8111-125BDAFF1DF1	0	-3	-3	0	0	3	3	3	3	3	-3	3	3	0	-3	-3	0	0	0	3	3	1	-3	3	3	3	2	2	3	3	3	3	3	0	1	0	0	0	0	1	3	0	-3	1	-3	-3	-3	-3
N501	E911A5AE-9862-E611-8111-125BDAFF1DF1	-3	-3	-3	-3	-3	3	3	3	3	3	-3	3	2	2	-3	-3	0	0	0	0	-3	0	3	2	3	3	3	3	2	2	2	1	-3	-3	0	0	2	2	2	3	0	-1	-3	-3	-3	-3	-3	-3
N501	43431903-9962-E611-8111-125BDAFF1DF1	0	0	0	0	2	2	3	2	2	2	0	0	3	0	0	0	1	1	1	0	1	1	1	1	2	2	2	3	3	3	2	1	1	1	1	0	1	3	1	0	2	0	0	2	-1	0	0	0
N501	F22D0C0F-9962-E611-8111-125BDAFF1DF1	-3	-3	-3	0	1	2	2	2	2	2	-2	2	2	1	-2	-3	-3	-3	-3	-3	2	1	2	2	2	2	2	2	1	3	3	2	-3	-3	1	1	1	1	1	1	2	1	-3	0	-2	-3	-3	-3
N501	B0710415-9962-E611-8111-125BDAFF1DF1	-3	-3	-2	1	0	2	2	2	3	3	-3	2	3	3	-2	-3	-1	0	0	0	2	0	-1	3	1	2	1	2	2	3	3	2	-3	-3	2	1	1	1	1	2	2	-1	-3	-3	-3	-3	-3	-3
N501	94161E1B-9962-E611-8111-125BDAFF1DF1	0	-3	-3	-2	-3	2	2	0	1	2	-3	2	3	-1	-3	-3	-2	-3	-1	-1	0	-1	0	-3	3	3	0	-3	3	3	3	3	-2	-3	1	2	3	3	1	0	-1	0	-3	-3	-3	-3	-3	-3
N501	172E0C0F-9962-E611-8111-125BDAFF1DF1	-3	-3	-1	1	1	3	3	3	3	3	-1	3	3	1	-1	-3	-1	-2	-2	-2	3	1	2	2	3	2	3	2	1	3	2	3	-3	-3	1	-1	3	1	2	1	1	-3	-3	-3	-3	-3	-3	-3
N501	89161E1B-9962-E611-8111-125BDAFF1DF1	0	0	0	-2	1	3	1	0	-3	0	0	1	1	1	2	3	2	2	0	1	0	0	0	3	2	-3	3	3	1	2	-1	1	2	1	-1	0	1	-1	-2	3	0	-2	0	0	0	0	1	2
N501	3681453F-9962-E611-8111-125BDAFF1DF1	-3	-3	-3	-3	0	2	2	3	0	2	-2	0	1	1	-1	-3	-2	-2	-1	-2	1	2	1	1	3	2	3	2	-1	2	3	3	-1	-1	0	0	2	3	2	0	0	1	-2	-2	-2	-3	-2	-1
N501	BA274045-9962-E611-8111-125BDAFF1DF1	-1	0	-1	-1	-3	3	3	3	3	0	-1	3	0	1	-2	0	3	0	0	0	3	3	3	1	3	3	3	3	-1	1	0	0	-1	-1	0	0	-1	-1	0	2	0	-3	-1	0	-1	-1	-1	-3
N501	62FF3E51-9962-E611-8111-125BDAFF1DF1	3	3	1	1	3	3	3	3	3	2	1	3	3	2	3	3	1	2	2	2	-3	-3	-3	-2	3	3	3	3	1	2	3	1	3	3	3	2	3	1	1	-1	1	0	0	1	2	3	1	-1
N501	E22E4357-9962-E611-8111-125BDAFF1DF1	-3	-3	-3	-3	-1	3	3	3	3	-2	0	-3	3	-3	-3	-3	-3	0	3	3	3	-3	3	3	3	3	3	3	3	3	3	3	0	0	3	3	3	3	3	3	3	-3	-3	-3	-3	-3	-3	-3
N501	DD2E4357-9962-E611-8111-125BDAFF1DF1	-3	-3	-3	-3	-3	3	3	3	3	3	1	3	3	1	-3	-3	0	0	0	0	3	3	0	3	3	3	3	3	0	3	3	3	3	-3	0	0	0	3	0	3	1	0	-3	1	-3	-3	-3	-3
N501	F398425D-9962-E611-8111-125BDAFF1DF1	-1	-3	1	-1	3	3	3	3	1	3	-1	3	3	3	-2	-3	1	-2	1	1	1	2	0	3	3	3	3	3	3	3	3	0	1	-1	1	1	3	1	3	0	0	-1	-3	-3	-3	-3	-3	-3
N501	EFDD3A63-9962-E611-8111-125BDAFF1DF1	-1	-1	-3	2	-2	2	2	2	2	2	-2	2	2	-1	-2	-1	3	2	2	1	2	0	1	2	2	2	2	2	-2	2	2	2	-1	-2	1	2	1	2	2	1	2	2	-3	-1	-2	-2	-1	-2
N501	DF26557B-9962-E611-8111-125BDAFF1DF1	-2	-2	-2	-2	-2	3	3	3	3	2	-2	2	1	1	-1	-2	3	3	3	3	2	2	2	1	2	2	2	2	1	1	2	1	-1	-2	1	1	-2	-1	0	2	1	1	-3	-2	-3	2	-3	-3
N501	94944E75-9962-E611-8111-125BDAFF1DF1	-3	-3	-3	-3	-3	3	3	3	3	3	-3	3	3	3	-3	-3	-3	-3	-3	-3	3	3	3	3	3	2	3	1	3	2	3	3	-3	-3	1	-3	0	-3	0	3	0	-3	-3	-3	-3	-3	-3	-3
N501	24509D8D-9962-E611-8111-125BDAFF1DF1	-3	-3	-1	0	0	3	3	-2	2	3	-3	3	3	-2	-3	-3	-1	-1	0	-3	0	-1	-3	-1	1	3	0	1	-3	3	2	2	-2	-3	0	2	0	0	0	0	0	-3	-3	0	-3	-3	-3	-3
N501	8EE0A393-9962-E611-8111-125BDAFF1DF1	-2	-2	-2	0	1	2	2	2	2	1	0	2	2	0	-1	-2	-2	-2	0	-2	0	-1	-2	-2	0	1	1	-1	1	1	0	1	-2	-2	1	0	0	0	0	1	0	-2	-1	-2	-2	-2	-2	-2
N501	50849E99-9962-E611-8111-125BDAFF1DF1	-3	-3	-3	-3	-3	2	2	2	2	3	-1	2	3	2	-3	-2	0	0	1	0	3	3	3	3	0	0	0	0	0	2	3	0	-3	-3	0	0	0	-2	0	0	0	-2	-3	-3	-2	-3	-3	-3
N501	5AC5969F-9962-E611-8111-125BDAFF1DF1	2	-1	1	1	1	1	2	2	3	2	2	2	2	-1	-1	2	3	2	3	3	-1	-1	-1	-1	3	2	1	2	3	3	3	1	2	-1	2	3	-2	1	2	2	-1	2	-1	-1	-2	-1	-1	-1
N501	54DCA081-9962-E611-8111-125BDAFF1DF1	3	3	0	-1	-1	1	2	3	2	1	-1	2	1	1	-2	-1	3	2	3	3	2	2	1	2	3	3	3	3	3	2	1	3	3	2	0	0	0	1	0	0	0	-3	-1	0	0	-1	-2	-2
N501	D444C5AB-9962-E611-8111-125BDAFF1DF1	-3	-3	-3	-3	-1	3	3	3	2	3	-3	1	3	-2	-3	-3	-1	1	2	1	-3	-3	-3	-3	3	3	3	2	3	3	1	3	1	1	3	1	1	1	2	1	0	-3	-3	0	-3	-3	-3	-3
N501	B890B7BD-9962-E611-8111-125BDAFF1DF1	-3	-3	-3	0	-3	0	1	1	0	1	-3	3	2	0	-3	-3	-1	0	0	0	3	3	0	3	0	0	0	-3	3	3	3	3	0	-3	0	-3	0	-3	0	0	0	0	-3	-3	-3	-3	-3	-3
N501	B290B7BD-9962-E611-8111-125BDAFF1DF1	3	3	-1	1	0	3	3	3	3	3	1	3	3	3	-2	1	-1	-1	-2	1	1	1	3	2	3	3	3	3	3	3	2	1	-3	-3	1	1	-2	2	3	1	3	-3	-3	-3	-3	-3	-3	-3
N501	D590B7BD-9962-E611-8111-125BDAFF1DF1	-2	-2	-1	-1	-1	1	1	1	0	0	-1	1	1	0	-2	-1	2	2	2	3	-1	0	-1	-1	1	2	1	2	1	0	1	0	-2	0	0	0	-1	0	0	0	0	0	-2	-2	-1	-1	-3	-3
N501	9FDEC8CF-9962-E611-8111-125BDAFF1DF1	-3	-3	-3	-3	-3	2	3	2	2	3	-3	2	3	-2	-3	-3	3	3	3	3	0	1	-2	1	3	3	3	3	3	3	3	1	-3	-3	2	2	-2	0	0	3	2	0	-3	-3	-3	-3	-3	-3
N501	21DFC8CF-9962-E611-8111-125BDAFF1DF1	-1	-2	-2	-3	-3	1	3	3	3	2	-3	1	3	1	-2	-3	0	0	1	1	1	1	1	2	3	3	2	2	2	2	3	3	0	-1	0	0	0	-1	2	0	1	-1	-3	-2	-3	-3	-3	-3
N501	349BD3DB-9962-E611-8111-125BDAFF1DF1	-2	-2	-1	0	0	3	3	3	3	3	-1	3	3	0	-2	-2	-1	-1	0	-1	-1	-1	0	-1	3	2	3	3	2	3	1	2	1	1	1	1	-1	1	1	2	1	-2	-2	-2	-3	-2	-2	-3
N501	7FC9D7E1-9962-E611-8111-125BDAFF1DF1	-1	-2	-1	0	1	1	2	2	2	3	-1	3	2	2	-1	-1	0	0	0	0	0	0	1	1	2	2	1	2	1	3	3	2	-1	-2	2	2	1	2	1	3	2	1	-2	-2	-2	-3	-3	-2
N501	E598D6ED-9962-E611-8111-125BDAFF1DF1	0	0	0	0	0	2	3	2	2	2	0	2	3	0	1	0	-3	-3	-3	-3	2	3	3	3	2	2	2	2	3	2	3	2	-3	2	3	0	-2	3	0	3	3	0	-3	0	0	-3	-3	-3
N501	3402D6F3-9962-E611-8111-125BDAFF1DF1	-3	-3	-2	-3	-3	2	3	3	3	2	-3	3	3	2	-3	-3	-1	-2	-1	-1	1	1	1	2	3	2	0	2	2	1	2	0	0	-2	0	1	-1	1	1	1	2	0	-3	0	0	-3	-3	-3
N501	1582E811-9A62-E611-8111-125BDAFF1DF1	-3	-3	-3	-3	-3	-3	0	-3	-3	2	-3	-3	-2	1	-3	-3	1	0	2	0	-2	0	0	1	2	2	2	1	1	1	2	1	-3	2	2	2	3	2	1	2	2	0	-3	1	2	2	-3	-2
N501	E42BE01D-9A62-E611-8111-125BDAFF1DF1	-2	-2	-2	-2	1	2	3	2	3	1	-2	2	2	1	-1	-1	-2	0	-1	-1	0	1	0	1	2	2	3	2	1	2	1	3	2	1	1	1	1	1	1	1	1	-3	-3	0	2	-1	-3	-3
N501	512CE01D-9A62-E611-8111-125BDAFF1DF1	-3	-3	-3	-3	-2	2	2	1	2	2	-3	2	2	-2	-3	-2	2	1	2	2	2	3	2	2	2	3	3	2	2	2	3	2	-1	-3	2	2	1	1	1	1	1	2	-2	-3	-3	-2	-3	-3
N501	D9ADEF29-9A62-E611-8111-125BDAFF1DF1	-3	-3	-3	-3	0	3	3	3	3	3	-3	3	3	0	-3	-3	-3	-3	-3	-3	0	3	-3	-3	3	3	-3	-3	-3	0	0	3	-3	-3	-3	-3	-3	-3	-3	-3	-3	0	-3	-3	-3	-3	-3	-3
N501	21BAE935-9A62-E611-8111-125BDAFF1DF1	0	0	-2	-1	0	3	3	3	3	2	-1	3	3	3	0	1	-2	-2	-2	-2	1	1	1	1	2	2	2	2	3	2	3	2	2	1	2	-1	0	1	1	0	0	0	-2	-2	-2	1	-2	-2
N501	9032FC3B-9A62-E611-8111-125BDAFF1DF1	1	0	-3	0	2	3	3	3	3	2	-1	2	3	2	-1	1	0	0	0	0	2	2	1	1	2	1	1	1	1	2	3	1	0	0	1	0	2	1	3	1	2	1	-3	0	-2	-3	-3	-3
N501	CB32FC3B-9A62-E611-8111-125BDAFF1DF1	-3	-2	-2	-2	-2	2	2	2	3	2	-2	2	3	-2	-2	-2	0	0	-1	-1	2	0	0	2	0	0	0	0	0	2	0	0	-2	0	0	-1	0	0	0	0	0	0	-2	-2	-2	-2	-2	-2
N501	EC32FC3B-9A62-E611-8111-125BDAFF1DF1	-3	-3	-3	-3	-3	3	3	3	3	2	-2	2	3	0	-3	-3	0	0	0	0	0	0	1	3	2	2	2	1	1	1	2	0	-3	-2	0	0	0	1	0	0	0	0	-3	-2	-3	-3	-3	-3
N501	7932FC3B-9A62-E611-8111-125BDAFF1DF1	-3	-3	-2	-1	1	3	3	3	3	3	-3	3	3	2	-2	-3	1	1	2	2	2	0	3	3	3	3	3	2	3	3	3	2	1	-1	0	0	3	2	0	3	3	-1	-3	-2	-3	-2	-3	-3
N501	E5ADEF29-9A62-E611-8111-125BDAFF1DF1	-3	-3	-3	-3	-2	3	3	3	3	-1	-3	3	2	-3	-3	-3	-2	-1	1	-2	2	3	1	1	2	3	0	0	0	3	2	2	-2	-1	2	0	-2	-1	0	0	-2	0	-1	-2	-3	-2	-3	-3
N501	D4FEFD41-9A62-E611-8111-125BDAFF1DF1	-1	-2	-3	-2	-3	3	3	3	3	3	-3	3	3	2	-2	-1	-1	-1	-1	-2	2	2	1	1	3	3	2	2	3	3	3	3	-1	-2	2	2	-2	-1	1	2	2	-2	-3	-2	-3	-1	-3	-3
N501	003F314E-9A62-E611-8111-125BDAFF1DF1	-3	-3	-3	-3	-3	3	3	3	3	1	-3	3	2	0	-3	-3	-3	-3	0	-3	-1	0	2	2	3	3	3	-2	1	3	3	3	1	0	2	0	1	0	1	2	2	-3	-3	-3	-3	-3	-3	-3
N501	1C343460-9A62-E611-8111-125BDAFF1DF1	-3	-3	-3	-3	-1	3	3	3	3	0	-3	0	3	1	-1	-1	-2	-1	-3	-2	0	-2	-1	-2	3	3	3	3	3	3	3	1	1	0	2	3	2	0	1	2	2	3	-3	1	-3	-3	-3	-3
N501	40F03B72-9A62-E611-8111-125BDAFF1DF1	-2	-3	-3	-1	0	3	3	3	3	3	-1	3	3	0	-3	0	-3	-1	-2	-3	-2	-1	-2	-3	3	3	3	3	0	0	0	2	0	0	0	0	0	0	0	-1	0	-2	-2	-3	-3	-3	-3	-3
N501	407D4278-9A62-E611-8111-125BDAFF1DF1	-2	0	-3	-1	0	0	0	3	3	3	0	0	3	2	3	-1	3	3	3	3	3	2	3	3	1	0	0	0	0	3	3	1	0	0	0	3	3	3	3	1	0	0	0	0	-3	-3	0	0
N501	32F03B72-9A62-E611-8111-125BDAFF1DF1	-1	-1	-1	-1	-1	1	1	2	3	1	-1	1	2	1	-1	-1	0	0	0	0	0	0	0	0	1	1	1	2	2	2	1	1	-1	-1	0	0	-1	0	0	0	0	0	0	1	-1	-1	-1	-1
N501	5D7D4278-9A62-E611-8111-125BDAFF1DF1	-2	-3	2	2	-2	3	3	3	3	3	2	3	3	3	3	2	-1	-2	-3	1	-1	3	-1	-2	3	3	3	3	2	3	3	3	-2	-3	2	2	3	3	3	1	2	-3	0	-1	-2	-3	-2	-1
N501	575B5484-9A62-E611-8111-125BDAFF1DF1	-3	-3	-3	-1	3	3	3	3	3	3	-3	3	3	1	-3	-3	-3	-3	-3	0	0	-3	0	0	2	3	3	0	3	3	3	3	-3	-3	0	0	-3	-3	-3	3	3	-3	-3	-3	-3	-3	-3	-3
N501	9BC1B39C-9A62-E611-8111-125BDAFF1DF1	-1	1	-3	-2	1	3	3	3	0	2	-2	1	3	1	-2	-2	-1	2	1	0	-1	0	-3	-2	3	2	1	3	0	1	2	1	0	-3	2	1	0	1	0	0	3	-3	-1	-2	-3	-1	-3	-3
N501	A1B9B696-9A62-E611-8111-125BDAFF1DF1	-3	-2	-2	-2	-1	2	3	-1	-1	2	-3	3	3	1	-1	-2	-2	-2	-1	-2	0	-2	-2	-1	1	2	2	0	1	3	2	3	-2	-2	1	-1	-1	-1	-1	0	1	-1	-2	-2	-3	0	-3	-3
N501	5CB9B696-9A62-E611-8111-125BDAFF1DF1	-3	-3	1	1	0	3	3	3	3	3	-1	3	3	3	-3	-3	0	0	0	0	0	0	2	0	3	3	3	3	3	3	3	3	-3	-2	2	2	0	3	0	3	3	-2	-3	-3	-3	-3	-3	-3
N501	4F72ABA8-9A62-E611-8111-125BDAFF1DF1	-2	-2	-3	-3	-2	2	2	2	2	3	-3	0	2	-3	-2	-3	0	0	0	0	1	0	1	1	3	2	3	2	1	2	1	1	1	1	1	1	1	0	2	0	2	0	-2	-2	-1	-3	-3	-3
N501	DB83A5B4-9A62-E611-8111-125BDAFF1DF1	2	2	1	0	2	3	3	3	3	1	0	3	2	2	0	1	-3	-2	-3	-3	3	2	3	1	2	1	2	2	2	2	1	2	2	-1	-2	-1	2	1	0	0	1	-1	-1	0	2	0	0	-1
N501	0B84A5B4-9A62-E611-8111-125BDAFF1DF1	-3	-3	-3	-3	-3	2	3	2	3	2	-3	3	3	-1	-2	-3	-2	-2	-1	-2	1	2	1	1	2	3	2	2	-1	2	3	0	-2	-1	2	2	1	1	1	1	1	-1	-3	-3	-3	-3	-3	-3
N501	EDEEA4BA-9A62-E611-8111-125BDAFF1DF1	-3	-3	-3	-1	-1	3	2	3	3	1	-2	3	3	2	-2	-1	-1	-1	2	-2	2	1	1	-1	3	1	3	2	2	3	2	0	-2	1	1	1	0	-2	-1	2	1	0	-3	-2	-1	-3	-2	-3
N501	5B75B4C6-9A62-E611-8111-125BDAFF1DF1	-3	-3	-3	-3	-3	0	0	0	-3	0	-3	0	2	-3	-3	-3	-3	0	0	0	0	0	0	3	0	0	0	-3	0	3	3	-1	-3	-3	0	0	0	0	0	0	0	-3	-3	-3	-3	-2	-3	-3
N501	72BCA6C0-9A62-E611-8111-125BDAFF1DF1	-3	-3	-1	-3	0	3	3	3	3	3	-3	3	3	3	-3	-3	-3	-3	0	-3	3	2	2	2	3	2	3	3	3	3	3	3	3	3	2	2	3	3	0	3	3	0	-3	3	-3	-3	0	0
N501	680CD7D2-9A62-E611-8111-125BDAFF1DF1	-1	0	-3	-3	1	1	3	2	-2	3	-3	1	1	1	1	1	1	0	1	3	0	0	-3	0	2	2	2	1	2	2	1	0	0	2	2	1	1	1	0	1	3	0	-1	-1	0	-1	-1	-1
N501	AC5FCFF0-9A62-E611-8111-125BDAFF1DF1	0	-3	-3	-3	3	3	3	3	3	3	-3	3	3	0	-1	0	-3	-3	-3	-3	1	-1	3	3	3	3	1	2	3	3	3	3	-1	-3	0	3	0	1	-1	3	1	-2	-1	-1	-1	-1	-2	-2
N501	91FBD2FC-9A62-E611-8111-125BDAFF1DF1	-3	-3	-3	-3	-2	3	3	-3	0	3	-3	3	3	-2	-3	-3	-2	0	-2	0	3	3	2	2	3	3	3	3	3	3	3	1	-3	-2	2	2	0	0	0	0	0	0	-3	-3	-3	-3	-3	-3
N501	AF4FE40E-9B62-E611-8111-125BDAFF1DF1	-3	-2	-3	-3	0	1	3	1	2	2	-3	1	2	1	-1	-1	-3	-2	-1	-2	1	0	0	0	1	1	0	2	1	3	2	3	0	1	1	2	0	0	1	0	3	1	-3	2	-3	-2	-3	-3
N501	AF4BEA1A-9B62-E611-8111-125BDAFF1DF1	-3	-3	-3	-3	-3	3	3	3	3	3	-3	3	3	-3	-3	-3	-3	-3	2	-3	2	2	1	2	3	3	2	3	0	3	2	3	-2	-1	3	0	-3	-3	2	-1	-1	-3	-3	1	-3	-3	-3	-3
N501	3054E720-9B62-E611-8111-125BDAFF1DF1	-1	-3	-3	-3	-1	3	3	3	3	2	-3	3	3	0	-3	-3	-2	-1	0	0	-1	1	-1	-2	3	3	2	1	2	2	2	1	-1	-1	0	0	-3	1	0	0	-1	0	-3	-3	-3	-2	-3	-3
N501	7554E720-9B62-E611-8111-125BDAFF1DF1	-3	-3	-3	-3	-2	3	3	3	3	0	-3	3	3	3	1	2	-1	-2	-2	-3	1	3	0	-2	3	3	3	3	3	3	3	1	1	2	3	3	1	2	2	1	2	-3	-1	1	1	-1	-1	-3
N501	151DE614-9B62-E611-8111-125BDAFF1DF1	-3	-3	-3	-3	-3	1	3	3	3	2	-3	3	2	-2	-3	-3	0	0	0	0	-3	-3	-3	-3	3	3	3	3	-3	3	3	3	-3	-3	3	-3	2	-3	2	2	2	-3	-3	-3	-3	-3	-3	-3
N501	63403A3F-9B62-E611-8111-125BDAFF1DF1	-2	0	-3	-2	-3	2	3	3	3	0	-3	3	2	-1	0	0	-3	-2	0	0	0	-3	0	-1	3	3	3	3	3	-1	1	2	0	2	1	-1	0	0	0	-1	0	-2	-2	-1	0	2	-2	-2
N501	886C3E45-9B62-E611-8111-125BDAFF1DF1	-3	-3	-3	-3	-3	2	-1	-2	2	0	-3	3	2	0	-3	-3	-1	0	0	-2	-1	1	-1	1	0	1	0	0	1	2	2	0	-3	-3	0	0	-3	-3	0	0	0	-2	-3	-3	-3	-3	-3	-3
N501	1554E720-9B62-E611-8111-125BDAFF1DF1	-2	-3	-2	-2	1	3	3	2	3	3	-3	3	2	1	-2	-3	1	1	2	2	2	3	1	3	2	3	1	3	-1	3	2	-1	-2	-3	-2	1	2	3	1	3	3	-1	-3	-3	-3	3	-3	-3
N501	B6163651-9B62-E611-8111-125BDAFF1DF1	-3	-3	-3	-2	-3	1	3	2	3	3	-3	1	3	1	-3	-3	-3	-1	0	0	0	1	1	1	1	3	1	-1	3	3	3	2	-3	-3	0	1	1	0	0	0	1	0	-3	-2	-3	-3	-3	-3
N501	FF9E648D-9B62-E611-8111-125BDAFF1DF1	-3	-3	-3	-3	-3	3	3	3	3	2	-3	3	3	1	-3	-3	0	1	1	0	3	1	2	3	3	3	2	1	3	3	3	2	-3	0	2	2	-1	1	1	2	2	1	-1	-2	-3	-3	-3	-3
N501	4A47BCC3-9B62-E611-8111-125BDAFF1DF1	-3	-3	-3	-3	-3	3	3	-2	-2	2	-3	3	3	1	-3	-3	-3	-3	-3	-3	3	1	3	1	2	3	1	3	-1	3	2	0	-3	-2	1	2	2	-1	1	1	1	-2	2	-1	-2	-2	-2	-1
N501	A1A7C1D5-9B62-E611-8111-125BDAFF1DF1	-2	-2	-1	0	-2	1	1	1	1	1	-2	1	1	0	-3	-3	-1	1	1	-1	0	0	0	0	2	2	3	1	-1	0	3	1	-2	-1	1	1	0	0	1	0	1	0	-2	0	-1	-3	-2	-2
N501	CFBAB8E7-9B62-E611-8111-125BDAFF1DF1	-3	-3	-3	-3	-3	3	3	3	3	0	-3	-3	3	3	-3	-3	3	-3	3	0	0	0	-3	3	3	3	3	3	0	3	3	3	3	3	3	3	3	3	3	0	3	-3	-3	3	-1	-3	-3	-3
N501	B92AD1F9-9B62-E611-8111-125BDAFF1DF1	-3	-3	-3	-3	-3	3	3	3	-3	2	0	0	3	-3	-2	-3	0	-2	-3	-3	3	3	3	3	0	3	3	3	3	3	3	3	0	0	-3	-3	3	3	3	3	3	-3	-3	-3	0	-3	-3	-3
N501	4FCA0606-9C62-E611-8111-125BDAFF1DF1	-3	-3	-2	-1	-2	1	2	2	2	-1	-2	1	1	-1	-2	-3	-3	-1	-1	-2	0	-1	-1	-1	2	2	1	0	1	1	1	1	-2	-2	0	0	0	0	0	0	-1	0	-2	-1	-2	-2	-2	-2
N501	E8C90606-9C62-E611-8111-125BDAFF1DF1	-1	-2	0	0	0	2	1	2	1	1	0	1	2	1	-1	-1	3	3	3	3	0	0	0	0	1	2	2	1	1	2	2	1	-3	-1	0	0	0	0	0	0	1	-1	-2	1	-3	-3	-3	-3
N501	E344190C-9C62-E611-8111-125BDAFF1DF1	1	0	-1	0	1	3	3	2	2	0	-1	2	3	-1	0	0	1	1	3	2	-1	-3	-1	-2	2	0	1	1	1	1	0	0	0	2	2	0	0	0	1	1	1	-3	1	0	0	1	-1	0
N501	61481612-9C62-E611-8111-125BDAFF1DF1	-3	-3	-3	-2	1	0	1	1	1	1	-1	0	2	2	1	-1	3	2	3	3	0	0	-1	0	3	1	3	2	1	1	1	2	-1	-1	1	0	-1	1	1	1	1	1	-3	-2	-1	-2	-2	-3
N501	A1B1BEF3-9B62-E611-8111-125BDAFF1DF1	1	1	-3	0	2	3	3	3	3	2	-3	0	3	1	0	1	3	1	3	3	0	0	-1	0	2	2	3	0	3	2	1	1	-1	0	3	0	1	2	-1	1	2	-1	-3	-2	0	-2	-2	-3
N501	303F542A-9C62-E611-8111-125BDAFF1DF1	-3	-3	-3	-3	-3	3	3	3	3	3	-3	3	3	3	-3	-3	-3	0	-3	-3	3	3	3	0	3	3	3	3	3	3	3	3	0	-3	3	3	0	3	3	3	3	3	-3	0	-3	3	-3	-3
N501	5B637748-9C62-E611-8111-125BDAFF1DF1	-3	-3	-2	-2	0	2	3	2	-1	2	-3	3	2	-2	-3	-3	0	3	3	3	-1	-2	-2	-2	0	1	1	0	-2	2	1	-1	-2	-3	1	2	0	2	1	-2	1	-1	-3	-3	-3	-3	-3	-3
N501	6DD58966-9C62-E611-8111-125BDAFF1DF1	-3	-3	-1	0	-1	2	3	3	3	3	0	2	3	1	-3	-3	3	3	3	3	-3	-3	-3	-3	3	3	3	3	1	3	3	2	0	-3	0	1	-3	1	0	1	0	-1	2	-1	-1	0	0	-1
N501	179E8B6C-9C62-E611-8111-125BDAFF1DF1	-3	-3	-2	-2	-2	1	2	2	0	2	-2	2	2	1	-3	-3	3	3	3	3	0	0	0	0	1	2	1	1	1	1	2	1	-2	-2	2	-1	-1	-1	-1	0	1	-2	-3	-2	-3	-2	-3	-2
N501	1BC3CA90-9C62-E611-8111-125BDAFF1DF1	-1	-2	-1	-1	-2	1	1	3	1	2	-2	1	2	0	-2	-2	3	3	3	3	2	0	-1	0	1	2	2	1	2	2	2	1	-1	-2	1	0	1	1	2	2	2	0	-2	-1	-2	-1	-3	-2
N501	53F1CB9C-9C62-E611-8111-125BDAFF1DF1	-3	-1	-2	-3	-1	1	1	3	3	-2	-2	-3	3	-3	-3	-3	3	3	3	3	-3	-2	-3	-2	1	1	3	3	3	1	-1	1	1	2	-3	-2	1	1	-2	-1	-1	1	-3	-3	-2	-3	1	3
N501	CC7F07CD-9C62-E611-8111-125BDAFF1DF1	1	-1	-3	-3	0	3	3	3	3	3	1	3	3	3	0	3	0	0	0	0	3	0	3	3	3	3	3	3	3	3	3	3	3	0	1	0	0	3	-1	2	3	0	-3	3	0	3	-1	0
N501	5DE525D3-9C62-E611-8111-125BDAFF1DF1	-2	1	-3	-2	-2	2	2	0	-2	2	-3	2	1	-1	-1	-1	0	-1	1	1	-3	-3	-2	-3	3	2	3	3	3	2	1	1	1	1	0	0	1	0	0	0	0	-2	-1	0	1	-1	0	-2
N501	66E525D3-9C62-E611-8111-125BDAFF1DF1	-3	-3	-3	-2	-2	3	3	3	3	2	-3	2	3	-1	-3	-2	-3	-3	0	-3	1	3	1	1	3	3	3	3	3	3	3	3	-3	-3	1	2	3	1	2	2	2	-3	-3	-3	-3	0	-3	-3
N501	F1AE6942-9C62-E611-8111-125BDAFF1DF1	1	1	-1	-1	2	1	2	2	3	1	-1	2	3	3	2	1	2	3	2	2	-1	-1	-1	-1	1	2	1	1	1	2	1	1	2	1	2	1	1	1	2	1	2	2	-1	-1	-1	-1	1	-2
N501	E8284FFD-9C62-E611-8111-125BDAFF1DF1	-3	-3	-3	-3	-3	2	2	0	-3	2	-3	2	3	-3	-3	-3	0	-3	-3	-3	0	3	-3	0	2	3	3	2	0	1	3	2	-3	-3	2	-3	2	0	1	0	2	-3	-3	-3	-3	-3	-3	-3
N501	A1A14E03-9D62-E611-8111-125BDAFF1DF1	-3	-3	-3	-3	-3	2	2	2	2	2	-3	2	3	1	-3	-3	0	1	1	1	2	2	-2	0	2	3	2	-2	-3	2	3	3	-3	-3	2	2	-2	2	1	2	2	-3	-3	-3	-3	-2	-3	-3
N501	61647751-9D62-E611-8111-125BDAFF1DF1	-2	-2	-1	-1	-1	3	1	1	1	2	-2	1	3	2	-1	-2	0	1	1	1	1	-1	1	1	2	2	2	1	3	2	2	1	0	1	2	1	1	1	1	1	1	1	1	-1	1	1	-1	-1
N501	E11D6175-9D62-E611-8111-125BDAFF1DF1	-3	-3	-3	-3	-3	0	0	0	3	3	-3	3	3	0	-2	-3	3	3	3	3	0	-3	0	0	3	3	3	3	-3	3	3	3	-3	-3	3	3	-3	3	0	0	3	0	-3	3	-3	-3	-3	-3
N501	0BCDA9CF-9D62-E611-8111-125BDAFF1DF1	-3	-3	-3	0	0	-3	2	-1	-1	0	-1	0	0	1	-3	-3	3	2	3	3	-3	-3	-3	-3	1	1	1	0	2	2	0	0	-3	-3	0	-3	-3	-1	-3	-3	-3	-3	-3	-3	-1	-3	-3	-3
N501	2435AFE1-9D62-E611-8111-125BDAFF1DF1	-3	-3	-3	-3	3	3	3	3	3	3	-3	3	3	3	1	-3	3	3	3	3	-3	-3	-3	-3	3	3	3	3	3	3	3	0	2	2	3	2	3	3	3	1	1	2	-3	2	-2	-2	-3	-2
N501	207D01EE-9D62-E611-8111-125BDAFF1DF1	2	1	1	2	0	0	0	1	0	-1	1	0	0	0	-1	1	0	0	1	-1	0	-1	1	1	-1	1	1	0	0	2	1	1	2	2	1	1	0	1	0	1	0	0	1	-1	1	-1	1	1
N501	828D1AFA-9D62-E611-8111-125BDAFF1DF1	0	0	-3	0	0	3	3	3	3	2	-3	3	3	2	0	0	2	2	2	2	0	0	0	1	2	0	2	2	2	3	3	2	0	-1	3	2	2	2	2	1	2	0	0	-2	0	-1	-3	-3
N501	8553F77E-9E62-E611-8111-125BDAFF1DF1	3	3	3	3	0	3	3	3	3	3	0	3	3	-1	0	0	0	1	2	1	1	1	1	1	3	3	3	3	3	3	3	3	3	3	1	2	2	3	0	1	3	0	-3	0	-2	-2	-3	-3
N501	41A743AF-9E62-E611-8111-125BDAFF1DF1	0	0	3	0	-3	3	3	3	3	3	-3	3	3	3	-3	0	3	3	3	3	0	3	0	0	3	3	3	3	3	3	3	0	0	0	3	0	3	3	3	3	0	3	0	0	0	0	0	-3
N501	DC948DC7-9E62-E611-8111-125BDAFF1DF1	0	0	1	1	1	3	1	0	1	2	0	-1	3	0	0	1	3	3	3	3	-3	-3	-2	-2	0	0	0	0	0	1	0	0	0	1	0	0	1	0	0	0	0	0	0	2	0	0	0	0
N501	140E84DF-9E62-E611-8111-125BDAFF1DF1	0	0	0	0	0	0	0	0	-3	0	0	0	0	0	0	0	3	3	3	3	-3	-3	-3	-3	0	-3	0	0	0	0	0	0	0	0	0	-3	0	0	0	-3	0	-3	0	0	0	0	0	0
N501	A6319103-9F62-E611-8111-125BDAFF1DF1	-3	-3	-2	-2	-3	3	3	3	3	3	-3	3	3	2	-3	-3	3	3	2	3	3	0	0	0	0	0	0	0	0	3	3	3	0	-3	0	2	-3	-3	0	3	2	0	-3	-3	-3	-3	-3	-3
N501	F951D61B-9F62-E611-8111-125BDAFF1DF1	0	0	0	-1	0	0	0	0	0	0	-1	0	0	0	-1	1	2	0	3	2	-2	-3	-3	-3	0	0	0	-1	0	1	0	0	0	0	0	0	0	0	0	0	-1	-1	0	2	-1	0	1	0
N501	8340524C-9F62-E611-8111-125BDAFF1DF1	-3	-3	-3	-3	-3	3	3	3	3	3	-3	3	3	3	-3	-3	3	3	3	3	0	0	0	0	3	3	3	3	3	3	3	3	-3	-3	3	0	0	0	0	3	3	0	-3	-3	-3	-3	-3	-3
N501	878F4276-9F62-E611-8111-125BDAFF1DF1	3	3	3	1	1	3	2	3	3	2	-1	3	3	3	1	3	2	3	3	3	0	0	0	0	3	3	3	3	0	3	3	3	3	3	3	3	3	3	3	1	2	1	0	3	-1	0	2	1
N501	399DAE4F-A062-E611-8111-125BDAFF1DF1	-1	-3	-3	-3	-3	2	1	2	2	3	-3	2	2	-3	-3	-3	3	3	3	3	-2	-3	-2	-3	3	2	3	3	3	2	3	1	-3	-3	2	1	2	1	2	-1	3	-2	-3	-3	-3	-3	-3	-3
N501	D13668B6-A062-E611-8111-125BDAFF1DF1	-2	-2	-1	-1	-1	1	1	1	1	1	-1	1	1	-1	-2	-2	1	1	1	1	-1	-1	-2	-2	0	0	-1	-1	0	1	0	-1	-1	-1	-1	-1	-2	0	-1	-1	0	-1	-2	-1	-1	-1	-2	-1
N501	84AF9D65-A162-E611-8111-125BDAFF1DF1	-3	-3	-3	-3	-3	3	3	3	3	3	-3	3	3	2	-3	-3	3	3	3	3	1	-1	0	1	3	2	3	1	2	2	3	3	-2	-3	2	1	-1	2	0	0	3	-1	-3	-3	-3	-3	-3	-3
N501	E22F07A5-A262-E611-8111-125BDAFF1DF1	-3	-3	-3	-3	0	2	2	3	3	3	-3	3	3	2	-3	-2	3	3	3	3	3	3	3	3	3	3	3	3	3	3	3	3	-3	-3	3	3	0	3	3	3	3	-3	-3	-3	-3	-3	-3	-3
N501	6DD126B7-A262-E611-8111-125BDAFF1DF1	-3	-3	-3	-3	-3	3	3	3	3	3	-3	3	3	0	-3	-3	3	3	3	3	-3	-2	-3	-3	3	3	3	3	3	3	3	3	-3	-3	3	0	-1	0	0	1	0	0	-3	-3	-3	-3	-3	-3
N501	94FE30C9-A262-E611-8111-125BDAFF1DF1	-3	-3	-3	-3	-3	3	-3	-3	-3	3	-3	3	3	-3	-3	-3	3	3	3	3	-3	-3	-3	-3	-3	-3	-3	-3	-3	-3	-3	-3	-3	-3	-3	-3	-3	-3	-3	-3	-3	-3	-3	-3	-3	-3	-3	-3
N501	A76930CF-A262-E611-8111-125BDAFF1DF1	-3	-3	-3	0	1	1	2	1	1	1	0	0	1	0	1	1	3	3	2	3	-3	-3	-3	-3	0	0	1	0	0	2	0	0	0	1	0	0	0	0	0	0	1	-3	-3	-3	-3	-3	-3	-3
N501	E025A705-A362-E611-8111-125BDAFF1DF1	-3	-3	-3	-2	-3	3	3	3	3	3	-3	3	3	3	-3	1	3	3	3	3	-3	-3	-3	-3	3	3	3	3	-3	3	3	3	-3	-2	3	3	3	3	3	-3	3	3	-3	-3	-3	-3	-3	-3
N501	AA2C6448-A362-E611-8111-125BDAFF1DF1	-1	-2	-1	-1	-3	3	1	2	3	1	-1	3	2	1	-3	-3	3	3	3	3	0	0	-1	0	2	2	2	0	0	1	1	2	-3	0	1	0	1	-2	1	1	0	-1	-2	-2	-3	-3	-3	-3
N501	B052DCF7-A362-E611-8111-125BDAFF1DF1	-2	-2	-3	-1	1	2	1	3	2	2	-3	2	2	0	-1	0	-1	1	2	1	-2	-2	-3	-2	3	3	3	1	3	3	2	3	-1	-2	1	2	2	3	1	1	1	1	-3	-1	-3	-3	-3	-3
N501	163DD861-A562-E611-8111-125BDAFF1DF1	0	0	0	0	0	3	3	3	3	3	0	3	3	3	0	0	0	0	0	0	-3	-3	-3	-3	0	0	0	0	0	0	0	0	0	-3	0	0	0	0	0	-3	0	0	0	-2	0	0	-3	-3
N501	DC15086A-A662-E611-8111-125BDAFF1DF1	3	3	3	3	3	3	3	3	-1	3	3	3	3	3	3	3	3	3	3	3	-3	-3	-3	-3	3	3	3	3	1	3	3	3	3	3	3	3	3	3	3	1	3	3	3	3	-3	1	0	0
N501	286DE2FA-A662-E611-8111-125BDAFF1DF1	0	0	-3	-3	-3	3	3	3	3	2	-3	0	3	0	-3	-3	3	3	3	3	0	0	1	0	3	3	3	3	-1	3	0	1	-1	0	2	3	1	2	3	3	-3	-2	-3	-2	-3	-3	-2	-3
N501	400CBC73-A762-E611-8111-125BDAFF1DF1	-1	-3	0	0	2	-3	2	3	0	-1	-3	0	-1	1	1	3	3	1	3	3	-3	-2	-3	-3	3	3	3	3	1	2	-1	0	0	0	-1	0	-1	-1	1	-1	0	-1	1	-1	1	2	0	0
N501	6CC216A4-A762-E611-8111-125BDAFF1DF1	-3	-3	-2	-3	1	3	1	3	1	2	-1	2	3	0	-2	-3	3	3	3	3	-3	-3	-3	-3	2	2	1	0	1	3	2	0	-3	-3	1	0	0	0	-1	-2	1	0	-3	-3	-3	-3	-3	-3
N501	F962E9AE-A862-E611-8111-125BDAFF1DF1	-3	-3	-3	-3	-3	3	3	3	3	3	-3	3	3	0	-3	-3	3	3	3	3	-3	-3	-3	-3	3	3	3	3	3	0	3	0	-3	-3	0	0	-3	0	0	0	0	-3	-3	-3	-3	-3	-3	-3
N501	ED9D38D9-A862-E611-8111-125BDAFF1DF1	-3	-3	-3	3	1	3	3	3	3	3	-3	3	3	2	-1	0	-1	-1	0	-1	0	0	0	0	1	1	-1	0	2	1	2	1	0	0	0	0	-1	0	0	0	0	0	0	0	-1	0	-1	-1
N501	B6681864-A962-E611-8111-125BDAFF1DF1	-3	-3	-3	-1	-3	3	1	3	3	2	-3	3	3	3	-3	-3	3	3	3	3	3	3	3	3	-3	1	0	1	3	3	3	0	-3	-3	0	0	3	3	0	1	0	-3	-3	-3	-3	-3	-3	-3
N501	5621EAB2-A962-E611-8111-125BDAFF1DF1	-3	-3	-3	-3	0	0	0	0	0	3	-3	3	3	0	-3	-3	-3	3	3	3	-3	-3	-3	-3	0	0	0	0	0	0	0	0	-3	-3	0	0	-3	-3	0	3	0	-3	-3	-3	-3	-3	-3	-3
N501	C54F54D7-A962-E611-8111-125BDAFF1DF1	-3	-3	0	0	0	2	2	2	2	3	0	2	3	-3	-3	-3	1	1	1	2	-3	-3	-3	-3	3	3	2	3	0	0	0	1	-3	-3	0	-3	-3	-2	0	-1	0	0	-3	0	-3	-3	-3	-3
N501	0F7B45F5-A962-E611-8111-125BDAFF1DF1	3	3	-1	0	1	3	1	3	3	3	-1	3	3	2	1	1	3	3	2	3	-3	-3	-3	-3	3	2	3	3	3	3	3	3	3	3	1	-2	1	1	1	-2	3	1	-1	3	-1	3	-1	-1
N501	C5C65901-AA62-E611-8111-125BDAFF1DF1	-1	-2	-2	-1	0	2	2	1	3	0	-1	1	2	0	-2	-2	2	1	2	2	0	0	0	0	1	1	1	1	1	2	3	0	0	0	1	1	-3	0	-2	1	2	-1	0	0	-1	0	-2	-2
N501	3C5AC019-AA62-E611-8111-125BDAFF1DF1	1	0	0	0	1	1	1	0	0	1	0	0	0	0	0	1	3	2	3	3	0	0	0	0	2	2	2	1	2	0	1	0	1	1	1	1	1	1	1	1	0	1	0	0	1	1	0	-1
N501	86EB2AC3-AA62-E611-8111-125BDAFF1DF1	-3	-3	-3	-3	-3	2	3	2	2	2	-3	2	3	2	-3	-3	3	2	3	2	1	0	0	0	2	2	2	2	1	2	2	3	-1	-2	2	1	1	2	2	2	2	1	-2	-2	-2	-3	-2	-3
N501	C89360FF-AA62-E611-8111-125BDAFF1DF1	-3	-3	-1	-1	0	2	2	2	1	2	-2	3	2	0	-2	-2	1	2	1	1	-1	0	-2	-1	2	1	1	1	0	1	0	0	1	-1	1	1	0	0	0	0	0	-2	-1	-1	-1	-2	-1	-2
N501	53EC953F-B062-E611-8111-125BDAFF1DF1	-3	-2	-2	-2	-2	-1	0	0	-1	0	-1	1	-1	-2	-3	-2	-3	-3	-1	-1	-1	-2	-2	-3	1	2	0	0	1	-2	-1	-1	0	0	-2	-1	-2	-3	-2	-1	-2	-1	-1	-1	-1	-1	-2	-3
N501	65BF8E1E-B162-E611-8111-125BDAFF1DF1	1	1	-1	-1	1	3	3	2	3	1	-2	1	1	0	1	1	2	2	2	2	0	0	-1	0	1	1	2	2	1	1	1	1	1	1	1	1	0	2	1	0	1	-3	-1	-1	1	-1	-1	-1
N501	B086C2AF-B162-E611-8111-125BDAFF1DF1	-3	-2	-2	-3	-2	3	2	3	3	3	-3	2	3	-2	-3	-2	3	3	3	3	1	2	1	0	2	1	2	0	0	2	2	2	-2	-2	2	1	2	3	3	3	2	0	-2	-2	-3	-1	-3	-3
N501	D31C6078-B262-E611-8111-125BDAFF1DF1	-3	-3	-3	-3	-3	2	3	2	0	0	-3	0	3	-3	-1	-1	1	0	0	0	0	0	0	0	3	3	2	3	1	3	3	3	-1	-2	0	0	-1	3	0	0	3	-2	-2	1	0	1	-3	-3
N501	4F55769B-B762-E611-8111-125BDAFF1DF1	1	0	0	0	0	2	2	3	2	3	-3	2	3	1	1	1	3	3	3	3	-3	-3	-3	-3	1	2	0	1	0	2	3	2	0	0	0	0	1	0	2	1	0	0	-3	-3	-3	-3	-3	-3
N501	63FE5083-EE62-E611-8111-125BDAFF1DF1	2	1	1	1	1	2	3	2	3	0	0	3	3	1	1	2	1	-2	-1	-2	0	2	-1	-1	2	2	3	3	1	3	0	1	1	1	2	0	1	1	2	1	1	0	0	-1	0	1	0	-1
N501	DFE6805B-EF62-E611-8111-125BDAFF1DF1	-3	-2	-2	-2	-1	1	1	2	2	1	-2	1	2	0	-2	-2	-3	-3	-3	-3	-1	-1	-1	-2	2	0	1	1	-1	0	0	1	-1	-2	1	-1	-2	-2	0	0	0	-2	0	0	-2	-1	-2	-2
N501	1000A1C7-EF62-E611-8111-125BDAFF1DF1	-1	-2	-1	-1	-1	2	3	1	2	1	-1	2	2	-1	-3	-2	-2	-2	-2	-2	0	0	0	1	1	2	1	2	2	1	-1	1	-2	-1	1	-1	1	0	1	1	1	-1	-1	-1	-2	-2	-2	-2
N501	4D2B7D0F-F062-E611-8111-125BDAFF1DF1	1	1	-1	-1	1	2	2	3	3	2	-2	2	3	2	0	0	2	2	3	3	1	-1	0	-1	1	2	2	2	2	1	1	2	0	0	0	1	-1	1	0	1	1	1	-2	1	-1	-3	-3	-2
N501	B2394F45-F062-E611-8111-125BDAFF1DF1	2	1	2	1	1	3	2	3	3	3	0	3	3	3	0	1	-1	3	-1	-1	1	0	3	0	3	3	3	1	3	3	3	3	2	1	3	2	3	3	3	3	3	3	-3	-1	-3	3	0	-3
N501	CA394F45-F062-E611-8111-125BDAFF1DF1	-3	-3	-3	-3	-2	3	3	2	3	0	-3	3	3	3	-3	-3	0	2	1	0	0	1	2	2	3	3	3	3	3	3	3	3	0	1	2	-2	1	-2	2	2	3	-3	-3	-3	-3	-3	-3	-3
N501	FFDA494B-F062-E611-8111-125BDAFF1DF1	-3	-3	-3	-3	-3	0	3	0	1	1	-3	3	3	-3	0	-3	-3	-2	-3	-3	-3	-3	-3	-2	3	3	3	0	3	3	2	3	-2	-3	0	0	-3	0	0	1	1	-3	-2	-3	-2	0	-3	-2
N501	1CDB494B-F062-E611-8111-125BDAFF1DF1	-1	-1	-3	-3	-1	2	1	1	3	1	-3	2	3	-2	-1	-2	-3	-3	-3	-3	-1	-1	-1	-1	3	2	3	1	2	2	3	2	-3	-3	2	0	-2	-1	-1	0	1	-2	-3	-3	-3	-3	-3	-3
N501	C3DA494B-F062-E611-8111-125BDAFF1DF1	0	0	0	0	0	1	1	2	3	3	0	1	3	0	0	0	-1	0	0	0	0	0	-1	0	2	0	1	1	1	0	0	0	0	0	1	0	0	0	0	0	0	0	0	0	0	0	0	0
N501	601B3F57-F062-E611-8111-125BDAFF1DF1	-3	-3	-3	-3	-2	3	1	1	2	2	-3	-1	2	1	-3	-3	-3	-3	-3	-3	-2	1	-1	-2	0	1	1	-1	1	1	1	1	-2	-3	1	1	1	1	1	-1	-1	-1	-3	1	-2	-3	-3	-3
N501	9C394F45-F062-E611-8111-125BDAFF1DF1	0	-3	-3	-2	-1	2	3	1	1	-1	-3	-1	0	-1	-1	-2	-2	-2	-3	-3	-2	-2	-2	-2	3	2	3	3	2	2	2	1	1	1	1	-1	0	1	2	1	2	-1	0	1	0	-1	-1	-1
N501	7D833E5D-F062-E611-8111-125BDAFF1DF1	-1	-2	-2	-2	-1	2	1	3	2	1	-2	2	2	0	-2	-1	1	1	1	2	2	1	2	1	1	1	2	2	2	2	1	1	-1	-1	0	1	-2	-1	2	0	2	-2	-3	-3	-2	-3	-2	-3
N501	00464875-F062-E611-8111-125BDAFF1DF1	-3	-3	-3	1	1	3	3	3	3	2	1	3	3	3	-2	-2	0	0	0	0	2	2	1	1	2	3	2	1	3	3	2	2	-2	-3	1	-2	-2	-2	-2	2	1	0	-3	-3	-3	-3	-3	-3
N501	2B824C7B-F062-E611-8111-125BDAFF1DF1	-2	1	-2	1	3	3	3	3	3	3	-2	3	3	1	-2	-2	-3	-3	-3	-3	1	-1	-2	-2	3	3	3	3	3	3	0	1	1	-1	0	0	-1	1	0	1	1	1	-3	1	-3	-2	-3	-3
N501	43824C7B-F062-E611-8111-125BDAFF1DF1	-3	0	-3	-3	0	3	3	2	3	3	-3	3	3	0	0	-3	0	0	0	0	3	3	3	3	3	3	3	3	3	3	3	2	3	3	3	3	3	3	3	3	3	3	-3	0	0	-3	-3	-3
N501	09824C7B-F062-E611-8111-125BDAFF1DF1	-1	3	0	-2	-1	3	0	-1	1	-1	0	0	-1	1	0	2	0	0	0	-1	0	-1	-1	0	-2	2	0	0	1	0	-1	1	1	2	0	0	0	0	-1	-1	0	1	0	1	0	-1	-1	-1
N501	F8814C7B-F062-E611-8111-125BDAFF1DF1	-3	-3	1	-2	1	3	3	3	3	3	-1	2	3	-2	0	-1	3	3	3	3	-1	-1	-3	-2	2	2	2	1	2	3	3	2	1	-3	2	-2	0	1	0	0	1	0	-3	-3	0	0	-2	-1
N501	E4BE5987-F062-E611-8111-125BDAFF1DF1	-1	-2	-2	-2	-2	3	3	2	-1	3	-3	2	3	2	0	0	0	0	1	1	0	0	0	0	3	3	2	3	2	3	3	2	-2	1	2	1	2	1	2	2	1	2	-1	0	0	0	-1	-1
N501	984C5693-F062-E611-8111-125BDAFF1DF1	1	0	-1	-1	1	1	1	1	2	1	-1	2	2	2	-1	0	1	0	1	0	0	1	2	0	1	2	0	0	0	1	1	1	0	2	0	-2	-1	1	0	1	1	0	0	0	-1	0	-1	-1
N501	059D4E99-F062-E611-8111-125BDAFF1DF1	0	-2	-3	-2	0	2	2	2	0	0	-3	0	2	1	-2	-3	0	0	0	-2	0	-1	-2	-1	2	2	2	0	3	1	2	2	-2	-2	1	0	0	0	0	1	0	0	0	-3	-2	-2	0	-3
N501	0BBF5987-F062-E611-8111-125BDAFF1DF1	-3	-3	-3	-3	-3	1	2	2	2	2	-3	2	1	1	-3	-2	-1	0	0	1	0	-1	0	-2	2	0	2	1	0	2	2	2	-3	-3	1	1	0	0	1	1	1	0	-3	-2	-2	0	-3	-3
N501	1D9D4E99-F062-E611-8111-125BDAFF1DF1	-2	-1	-3	0	0	3	3	3	3	3	-3	3	3	2	-3	-3	0	-1	0	0	0	0	0	0	2	2	1	1	3	2	2	1	-1	-2	2	1	1	1	1	0	2	0	-3	-3	-3	-3	-3	-3
N501	54B74B69-F062-E611-8111-125BDAFF1DF1	-3	-3	-1	0	0	3	3	1	1	2	-2	3	3	1	-1	-1	0	0	-1	0	1	1	1	3	2	2	3	2	2	3	0	3	-1	-1	1	2	0	1	1	1	2	-2	-3	0	-1	-3	-3	-3
N501	C1FA5D8D-F062-E611-8111-125BDAFF1DF1	-3	-3	-3	-3	3	3	3	3	3	3	-3	3	3	3	-3	-3	0	0	0	0	0	0	0	0	3	3	3	0	1	3	3	0	1	-3	0	0	0	3	3	0	0	-3	-3	-3	-3	-3	-3	-3
N501	FA4C5693-F062-E611-8111-125BDAFF1DF1	0	1	-1	1	-1	2	1	1	1	1	-1	1	1	1	-1	1	0	-1	-3	2	1	-1	-1	-1	1	2	3	1	0	1	-1	2	3	2	1	-1	2	2	0	-1	1	0	-1	1	-1	2	-3	0
N501	0B4D5693-F062-E611-8111-125BDAFF1DF1	0	-1	-1	1	2	2	2	2	2	2	-1	2	2	2	-1	-1	3	3	3	3	2	1	1	1	2	2	2	2	2	2	2	2	-1	0	2	2	1	1	2	2	2	-1	-1	-1	-2	-1	-2	0
N501	14044DAB-F062-E611-8111-125BDAFF1DF1	0	-2	-2	-2	-1	2	2	1	3	-1	-3	2	0	-2	-1	-3	-3	-3	-3	-3	-2	-3	-3	-3	3	0	3	-1	3	0	3	3	1	2	-1	-2	3	1	-1	-2	2	3	1	-1	-3	-2	-2	-3
N501	2A044DAB-F062-E611-8111-125BDAFF1DF1	-3	-3	-3	-3	-1	3	3	3	2	3	-3	3	3	1	-3	-3	-3	-3	-2	-3	-1	1	2	2	3	3	3	3	3	3	3	3	-2	-2	3	2	1	1	3	1	1	-2	-3	-3	-3	-3	-3	-3
N501	1FDE57B7-F062-E611-8111-125BDAFF1DF1	-3	-3	-3	-3	-3	2	3	2	2	2	-3	2	2	3	-3	-3	3	3	3	3	-3	-3	-3	-3	3	2	3	3	3	3	3	3	-3	-3	0	-1	-3	0	0	0	-1	-3	-3	-3	-3	-3	-3	-3
N501	31DE57B7-F062-E611-8111-125BDAFF1DF1	-1	-1	1	3	2	1	0	1	-1	2	0	0	1	-1	-1	0	3	2	3	3	-2	0	-1	0	1	2	-1	2	-1	2	3	1	-2	-2	1	0	2	1	1	0	2	1	-3	-2	-1	-3	-1	-2
N501	57DE57B7-F062-E611-8111-125BDAFF1DF1	-2	-2	-2	-1	-1	3	3	3	3	3	-3	2	3	1	-1	-3	-2	-1	0	-1	1	1	0	0	3	3	2	2	3	2	3	1	-3	-3	2	2	2	2	2	1	1	0	-3	-3	-1	-3	-3	-3
N501	018F52BD-F062-E611-8111-125BDAFF1DF1	3	3	3	3	3	3	3	3	3	3	3	3	3	0	3	3	0	3	3	0	1	3	0	0	3	3	3	3	3	3	3	3	-3	-3	3	3	3	3	3	3	3	-3	-3	0	-3	-3	-3	-3
N501	8BE14AC3-F062-E611-8111-125BDAFF1DF1	0	0	-2	0	0	3	3	3	0	3	-2	2	3	0	1	2	0	-3	-2	-3	-2	3	-3	-3	2	3	3	0	1	3	3	0	0	0	0	0	0	-3	0	0	0	-3	0	-3	0	3	0	-3
N501	7E8F52BD-F062-E611-8111-125BDAFF1DF1	3	2	0	0	1	2	1	3	2	1	0	1	3	3	1	2	0	-1	-1	-1	3	0	0	0	3	1	3	1	3	3	1	2	2	1	3	2	3	3	3	1	1	3	1	1	3	3	0	-1
N501	70044DAB-F062-E611-8111-125BDAFF1DF1	-2	-3	-3	0	-2	2	2	1	2	2	-3	2	3	0	-3	-3	0	0	0	0	0	1	-1	1	1	1	1	1	1	3	1	1	-3	-3	2	1	0	1	1	1	0	0	-3	-3	-3	-3	-3	-3
N501	63F547C9-F062-E611-8111-125BDAFF1DF1	0	0	0	0	0	0	0	0	0	0	0	0	0	0	0	0	0	0	0	0	0	0	0	0	0	0	0	0	0	0	0	0	0	0	0	0	0	0	0	0	0	0	0	0	0	0	0	0
N501	12F547C9-F062-E611-8111-125BDAFF1DF1	0	0	0	1	1	1	1	0	1	3	1	0	3	1	1	1	2	3	3	3	-3	-3	-3	-3	2	1	1	1	1	1	2	0	1	1	1	1	3	2	1	0	0	1	-2	1	-3	-3	-3	-3
N501	FF0C4ED5-F062-E611-8111-125BDAFF1DF1	-1	-2	-2	-2	0	2	3	3	3	3	-2	3	3	1	-2	-2	-3	-3	-1	-2	-2	0	-3	0	3	3	3	3	1	3	2	3	-1	-1	-1	-2	-2	-2	-1	-1	0	-2	-2	-1	-3	-2	-3	-3
N501	E5E14AC3-F062-E611-8111-125BDAFF1DF1	-3	-3	-1	-3	2	3	3	3	3	3	-3	3	3	3	-2	0	-1	-1	-3	-2	2	1	0	1	3	3	3	3	3	3	3	3	-2	-1	3	2	0	3	3	3	3	-3	1	-1	-3	3	-2	-3
N501	A35D46DB-F062-E611-8111-125BDAFF1DF1	-3	-3	-3	-3	-2	1	1	1	2	2	-3	1	2	1	-3	-3	-3	-3	-3	-3	-3	-3	-3	-3	2	3	1	2	3	2	3	1	-2	-3	0	0	1	0	1	-1	0	-3	-3	-1	-3	-3	-3	-3
N501	320D4ED5-F062-E611-8111-125BDAFF1DF1	-3	-3	1	3	0	3	3	3	3	3	-1	3	3	1	-3	-3	-2	0	0	0	2	-1	-1	3	2	3	3	3	1	3	3	3	-3	-3	-2	2	-3	-2	-3	0	3	-3	-3	-3	-3	-3	-3	-3
N501	D35D46DB-F062-E611-8111-125BDAFF1DF1	-3	-3	-3	-2	-2	1	3	3	3	3	-3	3	3	2	-2	-3	-1	-3	-2	-2	1	1	1	0	3	3	0	1	0	3	3	0	-3	-3	2	0	2	0	2	2	1	-3	-3	-3	-3	-3	-3	-3
N501	D3E880E7-F062-E611-8111-125BDAFF1DF1	-3	-2	-3	-2	-2	3	3	3	3	2	-3	3	3	0	-3	-3	-1	-2	0	-1	0	1	1	1	2	3	2	2	1	3	3	2	-3	-3	2	2	1	1	1	1	1	1	-2	-3	-3	-3	-3	-3
N501	93E14AC3-F062-E611-8111-125BDAFF1DF1	-3	-3	-3	-3	-3	3	3	3	3	3	-3	3	3	-1	-3	-3	3	3	3	3	0	0	0	0	3	3	3	3	-3	3	3	2	-3	-3	3	2	-1	3	0	3	3	1	-3	0	-3	-3	-3	-3
N501	4BE980E7-F062-E611-8111-125BDAFF1DF1	-3	-3	-2	-1	-1	2	2	2	2	1	-1	1	2	0	-2	-2	-2	-1	-1	-1	0	0	0	0	2	3	1	1	0	1	1	0	-1	-1	0	0	-1	0	0	1	0	-1	-1	0	-1	-1	-2	-2
N501	1BE980E7-F062-E611-8111-125BDAFF1DF1	-2	-2	-2	-1	1	2	3	3	2	2	-2	2	3	1	1	1	-1	-3	-3	-3	2	3	0	2	2	2	2	2	2	2	3	1	-3	-1	1	0	-2	1	0	0	2	-1	-1	-2	-3	-3	-3	-3
N501	46E980E7-F062-E611-8111-125BDAFF1DF1	-2	-3	-1	0	1	3	3	3	3	3	-2	3	3	3	-2	-2	3	3	2	3	3	1	3	3	3	1	3	3	3	3	3	3	3	-3	3	2	1	3	1	3	3	3	-3	-3	-3	-3	-3	-3
N501	DDE880E7-F062-E611-8111-125BDAFF1DF1	3	1	-2	-3	-1	3	3	2	1	2	1	3	3	0	2	2	0	0	0	-1	0	0	-1	2	2	2	2	1	2	1	2	2	0	-1	1	2	2	2	1	-1	1	1	0	1	0	-2	-2	-2
N501	1B334CCF-F062-E611-8111-125BDAFF1DF1	-1	-1	-2	-2	-1	3	3	3	3	1	-2	3	2	0	-2	-2	-1	0	0	-1	0	0	-3	0	3	3	3	3	2	1	1	1	-3	-3	1	1	-1	1	1	0	1	3	-3	-3	-3	-3	-3	-3
N501	EE3779ED-F062-E611-8111-125BDAFF1DF1	0	0	-2	-2	1	3	3	3	3	2	-2	3	3	0	-1	0	-1	-1	-1	-1	0	1	1	1	3	3	3	3	3	1	3	2	3	3	2	1	2	1	2	0	0	2	0	2	2	2	-1	-1
N501	42E980E7-F062-E611-8111-125BDAFF1DF1	-2	-2	-1	-1	-1	1	2	3	3	3	-2	3	3	0	-2	-2	-3	-3	-3	-3	1	2	0	0	2	3	2	1	3	1	3	2	-1	-1	0	0	-1	1	0	0	-1	-1	-2	-1	-2	-2	-1	-2
N501	24334CCF-F062-E611-8111-125BDAFF1DF1	-3	-3	-2	-1	-2	2	1	1	0	1	-3	2	1	0	0	0	3	3	3	3	-2	-2	-2	-2	2	2	1	0	2	0	1	2	-1	0	0	0	0	1	1	0	1	0	-2	1	-1	-2	-1	-2
N501	77FE86F3-F062-E611-8111-125BDAFF1DF1	3	3	3	3	3	3	3	2	2	3	3	3	3	2	1	2	-3	0	0	1	1	-3	1	1	3	3	3	3	3	3	2	3	-1	-2	-3	0	0	0	2	0	0	0	-3	-2	-3	1	-3	-3
N501	C03779ED-F062-E611-8111-125BDAFF1DF1	-1	-2	-3	-1	-1	1	2	3	3	2	-3	2	3	-1	-1	-3	-1	0	-1	-2	0	1	1	0	1	1	-1	2	-1	1	3	0	0	2	2	-1	0	1	1	1	1	-3	0	1	-1	0	0	-1
N501	D6A08005-F162-E611-8111-125BDAFF1DF1	1	1	1	1	0	2	3	3	3	3	0	3	3	2	0	1	1	1	0	2	1	2	-1	2	3	1	2	3	3	3	3	0	0	-1	3	2	3	2	3	2	3	1	-3	-3	0	0	-3	-3
N501	577586F9-F062-E611-8111-125BDAFF1DF1	-1	-1	-1	-2	0	2	2	3	2	1	-3	3	3	0	0	-1	-3	-3	-3	-3	0	-1	0	1	2	3	3	1	1	3	0	-2	0	-1	1	-1	-3	-1	2	0	1	-2	-2	-3	-1	-2	-3	-3
N501	0C18800B-F162-E611-8111-125BDAFF1DF1	-1	-1	-1	-1	0	0	2	2	1	1	-1	0	1	0	0	-1	3	3	3	3	0	0	0	0	2	2	3	1	3	0	3	0	-2	-1	1	2	1	0	0	1	1	0	-3	-1	-1	-1	-2	-2
N501	43324E3B-F162-E611-8111-125BDAFF1DF1	1	1	1	1	1	0	1	0	1	1	0	1	1	0	1	1	3	3	3	3	-2	-2	-2	-2	1	1	1	1	1	0	1	1	0	1	0	-1	1	0	0	-1	-1	0	-1	0	-1	-1	-2	-1
N501	EDB83E47-F162-E611-8111-125BDAFF1DF1	-3	-3	-3	-3	-3	3	3	1	1	3	-3	3	3	0	-3	-3	3	3	3	3	0	2	0	0	3	3	3	3	3	3	3	3	0	-3	0	1	0	1	0	0	3	0	0	-3	-3	0	-3	-3
N501	B73B4A95-F162-E611-8111-125BDAFF1DF1	-2	-2	-1	-1	-1	0	-1	-2	-2	-1	-2	0	2	-1	-2	-2	-1	-1	-2	-1	-2	1	2	-2	1	1	-1	-1	-2	-1	-2	-1	-1	-1	-1	-2	-1	-1	-1	-1	0	1	-1	-2	-1	0	-1	-2
N501	E4C040AD-F162-E611-8111-125BDAFF1DF1	0	0	-1	-1	-1	1	1	1	1	1	-1	0	1	0	0	1	2	2	3	2	0	0	0	0	1	1	2	2	0	1	1	1	0	-1	1	1	1	1	1	0	1	0	-1	0	-1	-1	-1	-1
N501	5FF44AD7-F162-E611-8111-125BDAFF1DF1	-1	-2	-3	-2	2	3	2	3	2	1	-3	2	2	3	0	2	2	1	3	3	-2	-1	-2	-1	3	1	2	2	3	1	0	1	0	0	0	0	0	1	0	0	0	-1	-2	0	0	-1	-1	-2
N501	A8727CF5-F162-E611-8111-125BDAFF1DF1	-3	-3	-1	-1	-1	3	3	1	-2	3	-1	3	3	3	-1	-1	-3	-3	-3	-3	1	-1	-2	0	3	3	3	3	2	2	3	2	0	-3	1	1	0	0	1	1	1	-3	-3	-2	-3	-3	-3	-3
N501	5E447B01-F262-E611-8111-125BDAFF1DF1	-3	-3	-2	-1	-1	2	2	2	3	2	-3	2	3	1	-3	-2	3	2	2	2	0	2	0	2	3	3	3	3	3	3	2	2	-2	-3	1	1	-2	-1	1	2	1	-2	-3	-2	-3	-3	-3	-3
N501	6D229643-F262-E611-8111-125BDAFF1DF1	-3	-3	-3	1	3	3	3	3	3	3	-2	3	3	3	-3	-3	-3	0	-1	-1	-3	-3	-3	-3	2	3	-1	1	2	3	1	-1	-3	-3	2	-1	0	0	0	-1	3	-3	-2	-3	-3	-3	-3	-3
N501	7E3C8D85-F262-E611-8111-125BDAFF1DF1	-1	-2	-1	0	-2	-1	1	1	1	2	-1	-1	2	-1	-1	-2	3	1	1	2	-1	-3	-3	-3	1	1	1	0	1	0	2	-2	0	-2	0	0	1	1	1	0	1	-1	-2	1	-2	-2	-1	-2
N501	A67B889D-F262-E611-8111-125BDAFF1DF1	2	3	3	3	3	2	3	3	3	2	3	3	2	1	3	2	3	3	2	3	2	3	1	2	2	1	2	3	3	2	3	3	3	3	2	3	3	2	2	2	3	2	3	2	3	1	3	2
N501	4E5043B2-F362-E611-8111-125BDAFF1DF1	-3	-3	-3	-3	-2	2	3	2	3	1	-3	3	3	-2	-2	-2	-2	-3	-3	-3	-3	-1	-3	-3	2	3	2	2	2	2	3	2	-3	-3	0	-2	-2	-3	-1	0	-2	-2	-3	-1	-3	-3	-3	-3
N501	CA656EFA-F362-E611-8111-125BDAFF1DF1	-3	-3	-3	-3	-3	0	-1	0	0	0	-3	0	0	0	-3	-3	-3	-3	-1	-3	-3	-1	-2	-1	0	-1	-1	-1	0	3	3	3	-1	-3	0	-1	-3	-3	-1	0	-2	-1	-3	-3	-3	-3	-3	-3
N501	4EB1AD83-1163-E611-8111-125BDAFF1DF1	-3	-3	-3	1	-2	3	3	3	3	3	-3	3	3	3	-3	-3	3	3	3	3	3	3	3	3	3	3	1	3	3	3	3	3	-3	-3	1	2	3	3	2	3	0	2	-3	0	-3	-3	-3	-3
N501	A9D4959B-1163-E611-8111-125BDAFF1DF1	3	3	-3	-3	3	3	3	3	0	3	-3	0	3	0	0	3	0	3	3	3	-3	-3	-3	-3	3	0	3	0	0	3	0	0	3	3	0	0	3	3	3	0	0	0	3	3	0	3	0	0
N501	2CD27B37-1263-E611-8111-125BDAFF1DF1	-2	-3	-2	-2	-2	3	3	3	3	2	-2	2	3	1	-3	-3	3	3	3	3	0	0	0	-1	3	3	3	3	1	2	0	0	-3	-3	1	-1	-1	-1	0	1	-2	-3	-3	-3	-3	-3	-3	-3
N501	69A8616D-1263-E611-8111-125BDAFF1DF1	-1	-1	-1	-1	0	1	1	2	2	2	-1	3	2	-2	-2	-2	3	3	3	3	0	1	-1	-1	2	2	2	0	2	1	1	1	1	1	1	1	1	1	1	0	0	-3	-2	1	-2	-2	-2	-1
N501	67644FAF-1263-E611-8111-125BDAFF1DF1	2	2	-1	0	1	3	2	2	2	1	-2	2	3	3	2	3	3	3	3	3	-1	-1	-2	-2	2	2	3	2	2	1	3	1	2	2	-2	-2	-2	2	-2	2	-1	0	0	-1	-2	-3	-1	-2
N501	DE0750C1-1263-E611-8111-125BDAFF1DF1	2	1	-3	0	2	3	3	1	1	1	0	3	1	1	2	2	3	3	3	2	-1	-2	0	-3	2	1	2	3	3	1	2	1	0	1	0	2	2	3	3	2	2	0	0	0	0	2	0	-1
N501	FCE40915-1363-E611-8111-125BDAFF1DF1	0	0	-3	-3	-3	2	1	3	2	0	-3	0	1	0	-3	-3	3	3	3	3	0	-2	-3	-1	1	0	0	0	3	3	3	3	1	-1	0	1	0	1	0	1	3	0	-3	1	-3	-3	-3	-3
N501	1B7BA69E-1363-E611-8111-125BDAFF1DF1	-2	-2	-2	-3	2	2	3	2	3	0	-2	1	3	0	1	2	3	3	3	3	0	0	-1	0	3	1	1	2	1	1	1	3	0	0	0	0	0	1	0	0	1	0	-1	0	0	-2	-3	-1
N501	893527A6-1463-E611-8111-125BDAFF1DF1	0	0	0	0	0	0	0	0	0	0	0	0	0	0	0	0	0	0	0	0	0	0	0	0	0	0	0	0	0	0	0	0	0	0	0	0	0	0	0	0	0	0	0	0	0	0	0	0
N501	5E3371D7-1563-E611-8111-125BDAFF1DF1	-3	-3	-3	-3	0	3	3	3	3	3	-3	3	3	3	0	1	3	3	3	3	0	0	0	0	3	3	3	3	3	3	3	3	1	1	3	3	0	3	3	3	3	-3	-2	-3	-3	-3	-3	-3
N501	90135143-1663-E611-8111-125BDAFF1DF1	0	-2	-3	-3	1	3	3	3	3	0	-2	2	3	2	1	1	3	3	2	2	0	-2	-1	-2	2	2	2	3	1	3	1	1	2	0	1	0	2	1	1	0	1	3	1	2	2	3	-1	0
N501	8D388A68-1763-E611-8111-125BDAFF1DF1	0	0	-1	-1	-1	1	1	1	1	2	-2	0	2	1	1	1	2	2	2	2	0	-1	0	-1	0	0	1	0	1	2	2	0	0	0	1	0	1	1	1	1	1	0	-2	1	-1	-1	-1	-2
N501	7BD8D6AB-1863-E611-8111-125BDAFF1DF1	-3	-3	-1	1	-3	3	3	2	3	3	-2	3	3	1	-2	-3	3	2	2	3	-2	-2	-3	-3	3	2	2	2	2	0	2	2	-2	-2	3	1	-1	-2	2	-2	2	-3	-3	-3	-3	-3	-3	-3
N501	74C8DFB1-1863-E611-8111-125BDAFF1DF1	0	-3	-1	0	0	2	2	2	3	3	-3	3	3	2	-1	-1	0	1	1	2	0	-3	0	-2	0	0	0	0	0	1	0	0	0	-1	0	0	0	0	0	0	1	-3	-3	-1	-1	-3	-3	-3
N501	32BBE63C-1A63-E611-8111-125BDAFF1DF1	-1	1	-1	1	1	1	2	3	2	1	-3	1	3	3	2	1	2	3	3	3	0	0	0	-2	3	3	3	3	3	3	3	2	1	0	2	3	3	3	3	3	3	3	3	-3	-3	-3	-3	-3
N501	31B89611-2263-E611-8111-125BDAFF1DF1	-3	-3	-1	0	-1	1	1	2	2	0	-3	0	2	-3	-3	-3	3	3	3	3	0	1	0	2	2	1	0	0	0	3	2	1	-3	-3	2	2	0	0	0	2	0	-3	-3	-3	-3	-3	0	-3
N501	57451E44-2C63-E611-8111-125BDAFF1DF1	3	3	-1	2	3	3	3	2	1	2	1	3	2	3	2	2	1	2	2	2	-3	1	-1	-1	2	2	2	2	3	3	2	2	3	3	2	1	2	2	2	0	1	-2	2	3	3	-2	1	-2
N501	21BD8A7E-4563-E611-8111-125BDAFF1DF1	-3	-3	-3	-3	-3	3	3	3	3	3	-3	3	3	0	-3	-3	3	3	3	3	0	0	0	-3	3	3	3	2	3	3	3	3	-3	-3	3	3	0	0	3	3	3	-3	-3	0	-3	-3	3	-3
N501	AA8B73C0-4563-E611-8111-125BDAFF1DF1	-1	0	-1	-1	-1	1	2	1	1	1	-1	1	1	0	-1	0	1	1	1	1	0	0	0	0	2	2	2	2	2	2	2	2	-1	-1	0	1	0	1	0	0	1	0	0	-1	-1	-1	-1	-2
N501	7A7166FC-4563-E611-8111-125BDAFF1DF1	-2	0	-2	-2	0	2	1	0	-1	0	-3	0	0	-1	0	-2	3	2	3	3	-3	-3	-3	-3	1	2	1	2	2	1	2	-1	-2	-2	1	1	0	0	0	-3	1	-3	-3	-2	-3	-3	-3	-3
N501	55B1742C-4663-E611-8111-125BDAFF1DF1	-1	-1	-1	-1	-1	2	2	2	2	2	-1	2	3	3	0	-1	3	3	3	3	0	0	0	0	2	2	2	0	0	2	2	2	-1	1	2	2	0	2	2	2	2	2	-2	0	0	-1	-3	-3
N501	BE7015B0-4663-E611-8111-125BDAFF1DF1	-1	1	-1	-2	-1	3	3	2	3	2	-1	2	3	2	1	1	-2	-2	-1	-2	0	1	2	2	0	0	-1	0	2	2	2	2	0	1	2	2	1	1	2	2	2	0	0	2	1	1	-1	0
N501	BEBDED27-4763-E611-8111-125BDAFF1DF1	-1	-3	-3	-2	-1	2	2	2	1	1	-2	0	2	0	-2	-2	0	0	2	0	0	0	0	0	1	1	2	1	1	2	0	2	-2	-2	-2	-1	-2	-1	-1	-2	-2	-1	-1	0	-3	0	-1	-3
N501	4204E62D-4763-E611-8111-125BDAFF1DF1	-2	-2	-2	-2	-1	2	2	3	3	0	-2	2	3	1	0	-2	3	0	2	2	1	0	0	0	2	2	1	0	0	2	2	2	0	-3	2	-1	-1	1	2	1	1	-1	-2	-2	0	-1	-2	0
N501	87DEC163-4763-E611-8111-125BDAFF1DF1	-1	-1	-1	0	0	0	0	1	0	1	-1	0	1	0	-1	0	0	0	0	0	0	0	-1	0	0	0	0	0	0	0	0	0	0	0	0	0	0	0	0	0	0	0	0	-1	0	0	0	0
N501	6C0CB67B-4763-E611-8111-125BDAFF1DF1	-3	-2	-2	-2	-3	1	-1	1	1	1	-1	1	2	0	-3	-2	0	1	0	1	-3	-2	-3	-2	2	2	1	0	-2	0	1	0	-1	0	0	-2	-1	0	-2	-2	-1	-1	-2	-3	-1	-2	-2	-1
N501	5DFB0989-4863-E611-8111-125BDAFF1DF1	-1	-1	-3	-3	0	3	2	3	2	2	-3	3	2	2	-3	-1	3	3	3	3	-3	-3	-3	-3	1	3	0	3	0	2	2	2	3	-3	2	0	1	0	2	0	1	-2	-2	1	-1	-1	-3	-3
N501	C1F60C83-4863-E611-8111-125BDAFF1DF1	3	1	0	3	3	3	3	2	0	2	3	1	3	3	3	3	3	3	3	3	-3	-3	-3	-3	0	0	1	3	3	0	1	1	3	3	1	-1	0	0	2	1	-2	-1	1	3	3	3	3	3
N501	47D1F4B8-4863-E611-8111-125BDAFF1DF1	-3	-2	-3	-1	0	1	2	1	3	-1	-3	1	1	-2	-2	-2	3	1	2	3	-2	0	0	-3	2	3	3	3	0	2	3	3	1	-2	2	1	0	2	2	0	1	-3	-3	0	-1	0	-2	-2
N501	3B80EFBE-4863-E611-8111-125BDAFF1DF1	-3	-3	0	-3	1	3	3	3	3	2	-3	3	3	3	-1	0	3	3	2	2	0	-1	0	0	3	3	3	3	2	2	3	3	1	0	3	2	1	2	2	2	3	2	0	-1	-1	1	0	-3
N501	887CEF42-4963-E611-8111-125BDAFF1DF1	-3	-3	-2	-3	-2	-2	3	3	3	3	-3	3	3	2	-2	-3	-2	-2	-2	-2	0	2	-3	-2	3	3	3	2	3	3	3	3	-1	-3	3	-3	-3	-3	0	2	0	-3	-2	-3	-3	-2	-3	-3
N501	DCD5BFD8-4963-E611-8111-125BDAFF1DF1	2	-2	-3	-2	1	3	3	3	3	2	-2	2	2	2	2	-3	-3	-2	-3	-3	0	0	-3	0	2	2	2	2	2	2	2	2	-2	-3	0	1	-1	-1	-1	0	1	-2	-3	-3	-3	-3	-3	-3
N501	27EF8D20-4A63-E611-8111-125BDAFF1DF1	-3	-3	-1	-1	0	3	3	3	3	2	-1	3	3	0	-3	-2	-1	0	0	-1	0	0	1	0	3	3	3	3	1	3	1	2	-2	1	2	3	1	3	2	1	2	-3	-1	1	-1	0	-1	-2
N501	43127F56-4A63-E611-8111-125BDAFF1DF1	2	1	2	1	1	1	1	2	2	0	2	2	1	2	1	2	3	1	2	0	0	0	-3	-1	2	0	2	3	2	1	1	1	1	2	1	2	2	1	2	1	2	1	2	2	3	2	1	1
N501	31127F56-4A63-E611-8111-125BDAFF1DF1	2	-1	1	2	1	2	1	1	1	1	-1	1	2	2	1	2	1	-1	2	2	0	-1	0	1	2	2	1	3	1	2	2	-1	3	3	1	1	2	2	3	2	1	-2	0	-2	1	0	1	1
N501	53CC5498-4A63-E611-8111-125BDAFF1DF1	-2	-1	-2	-1	-1	1	1	1	1	0	-1	1	1	1	-3	-3	1	0	1	1	0	1	-2	0	1	1	1	1	-2	1	1	1	-3	-1	1	1	-2	1	1	1	0	-3	-3	-2	-2	-2	-2	-2
N501	BA0E4D9E-4A63-E611-8111-125BDAFF1DF1	-3	-3	-3	-2	0	3	3	2	3	2	-3	1	2	1	2	1	3	3	3	3	-3	-3	-3	-3	3	3	3	3	1	3	2	2	-2	-2	2	1	3	2	3	-3	2	-1	-3	-3	-3	-3	-3	-3
N501	07714FB6-4A63-E611-8111-125BDAFF1DF1	-1	-1	-1	-1	0	1	0	1	1	0	-1	0	1	-1	0	-1	-1	-1	-1	0	-1	-1	-1	-1	0	-1	1	1	1	-1	0	0	2	0	-1	-1	-1	-1	0	-1	0	-1	-1	-1	0	0	0	-1
N501	023D0A6A-4B63-E611-8111-125BDAFF1DF1	-1	-1	-1	0	0	1	0	1	1	1	0	0	1	0	0	-1	2	2	2	2	0	0	0	0	0	0	0	1	1	0	0	0	0	0	0	0	0	0	0	0	0	0	0	0	0	0	0	0
N501	AFE0ED81-4B63-E611-8111-125BDAFF1DF1	2	1	1	1	1	1	2	2	-1	1	1	0	1	-3	1	1	1	2	3	3	-1	-2	-3	-3	2	2	2	2	2	1	1	1	2	2	0	-1	1	-1	2	0	0	-1	0	1	1	1	0	0
N501	D03FEACE-4E63-E611-8111-125BDAFF1DF1	-1	-1	-2	-1	0	0	0	0	0	1	-2	1	1	-1	0	0	2	3	2	2	-1	0	-1	-1	0	-1	-1	-2	0	0	1	1	-1	-1	1	0	-2	2	-1	-1	0	-2	-1	-2	-1	-2	-2	-2
N501	CC9ABB2D-5863-E611-8111-125BDAFF1DF1	-3	-3	-3	-3	-3	-3	1	1	-1	1	-3	2	2	-3	-3	-3	-3	-3	-3	-3	-3	-3	-3	-3	0	1	0	0	0	0	2	0	-3	-3	-2	-3	-3	-3	0	-3	0	0	-3	-3	-3	-3	-3	-3
N501	FB06C919-5D63-E611-8111-125BDAFF1DF1	1	1	-2	0	2	3	3	3	3	2	-3	3	3	1	1	2	3	3	3	3	-2	-2	-3	-3	3	3	3	3	3	3	3	3	0	0	3	1	0	2	1	1	1	0	-3	0	-3	1	-3	-3
N501	49C182F5-5F63-E611-8111-125BDAFF1DF1	-3	-3	-3	-3	-3	1	1	1	1	1	-3	1	1	-1	-3	-3	3	3	3	3	0	0	-1	0	1	1	1	1	1	2	3	1	-3	-3	-1	-1	-2	-3	-1	0	1	-3	-3	-3	-3	-3	-3	-3
N501	2C2D8B02-8863-E611-8111-125BDAFF1DF1	-3	-3	-2	-3	0	3	3	3	3	3	-3	3	3	3	-3	-3	-3	-3	-2	-3	-1	-3	-3	-3	3	1	2	2	0	3	1	3	0	-2	3	0	0	0	0	0	1	1	0	-3	-1	0	-2	-2
N501	C624CDB4-A763-E611-8111-125BDAFF1DF1	-1	-1	-3	-3	-3	3	3	3	1	2	-1	3	2	1	0	3	3	1	2	2	0	0	0	0	2	3	1	0	3	1	3	3	-3	0	1	1	1	2	1	1	1	0	0	1	-3	1	-3	-3
N501	5E855328-AD63-E611-8111-125BDAFF1DF1	-3	-3	-3	-3	-3	1	1	1	2	1	-3	1	1	0	-3	-3	3	3	3	3	1	1	1	1	1	2	2	1	1	1	1	1	-3	-3	1	1	1	2	1	1	1	1	-3	-3	-3	-3	-3	-3
N501	DF203061-B163-E611-8111-125BDAFF1DF1	-3	-3	-3	-3	-3	2	2	2	3	1	-3	3	3	-1	-3	-3	3	3	3	3	0	2	0	0	2	1	1	0	3	2	2	1	-2	-3	2	0	0	2	0	1	0	-3	-3	-3	-3	-3	-3	-3
